10000 9999
356 45
984 89
602 48
504 53
581 14
241 90
225 36
237 20
161 52
438 53
608 99
998 79
830 92
171 15
360 30
491 84
998 68
280 67
510 56
101 54
864 17
335 47
226 26
392 96
682 79
187 38
731 23
766 16
538 92
414 86
624 94
610 15
563 67
269 88
930 56
761 33
185 67
529 77
428 44
383 84
481 73
876 62
326 84
947 85
623 16
710 75
553 89
785 48
702 25
776 80
181 33
720 38
737 91
255 48
293 74
649 34
679 62
800 66
754 21
397 19
318 40
222 64
993 93
930 15
329 26
917 20
359 100
854 59
224 20
592 60
877 48
615 59
582 99
863 99
735 27
751 19
826 11
982 14
905 69
953 14
336 62
378 77
873 11
533 83
183 35
180 94
162 22
851 34
543 20
637 43
587 78
774 69
943 94
754 29
326 40
363 53
148 49
875 25
100 21
837 66
680 78
944 36
251 47
100 43
206 100
530 84
619 83
847 81
989 90
899 70
568 44
651 87
369 69
515 47
303 18
606 94
764 47
702 43
224 91
999 92
784 13
795 61
954 53
758 60
501 22
827 90
993 88
593 14
637 96
616 93
588 69
885 52
243 98
179 57
665 98
437 13
776 38
318 90
993 31
319 53
216 34
366 62
813 47
214 59
218 44
911 78
696 47
208 78
684 82
112 92
273 56
950 16
186 77
333 27
947 48
214 50
789 70
331 51
602 82
149 16
428 38
936 42
513 34
121 32
611 88
919 29
632 26
900 98
310 87
691 58
879 88
105 86
149 12
359 36
787 31
875 74
434 23
683 65
491 83
982 98
809 17
472 54
182 20
198 34
678 12
229 39
661 86
422 100
903 14
419 51
722 66
488 54
333 23
857 57
371 49
403 66
689 35
873 53
586 60
781 83
604 46
691 28
543 93
157 30
243 38
823 63
362 72
917 94
582 90
178 89
680 59
217 41
156 78
664 41
499 18
195 96
471 41
469 90
401 77
853 63
126 69
826 54
793 91
754 24
399 70
132 74
530 26
932 70
433 51
960 81
554 85
864 25
695 36
687 13
901 95
198 28
559 66
524 77
834 93
184 76
872 89
753 41
464 90
539 67
269 91
460 36
682 11
672 82
1000 12
787 48
473 20
550 23
129 84
607 74
759 54
960 50
252 65
164 86
500 33
799 54
415 22
541 95
160 56
280 44
575 51
163 22
288 70
774 52
474 99
233 42
969 84
771 93
550 72
625 38
510 75
102 35
211 14
479 70
961 45
509 82
521 60
844 62
888 57
289 69
560 96
957 24
111 15
731 98
121 55
692 51
264 71
564 90
909 19
801 37
586 78
924 96
898 55
743 71
278 44
930 18
131 17
497 77
655 38
222 91
540 48
765 70
132 20
904 94
150 33
279 27
700 69
516 14
181 16
502 13
118 83
690 32
760 14
895 69
805 24
417 52
107 48
265 92
198 24
954 68
493 94
126 23
818 55
201 31
380 20
244 25
727 90
156 29
620 26
447 13
515 86
277 81
518 38
392 22
457 68
525 76
476 71
193 36
967 18
738 64
479 44
394 70
548 76
811 98
214 25
778 98
963 88
106 98
374 56
205 48
123 90
913 55
846 90
297 98
229 43
117 30
725 85
464 47
383 66
672 76
467 75
139 72
475 64
556 84
648 19
993 64
875 53
677 43
911 96
242 43
726 78
761 44
328 88
188 58
972 29
752 66
762 35
747 39
584 27
280 49
452 62
966 88
218 73
376 88
892 86
919 86
435 27
340 24
530 38
513 73
730 27
971 99
257 91
334 66
777 50
104 98
626 65
835 66
367 82
103 48
209 31
231 38
208 90
995 63
756 77
364 77
226 35
147 78
725 63
991 48
640 21
790 60
549 63
813 28
275 28
742 87
1000 79
551 37
630 98
315 11
136 100
588 12
480 64
302 20
940 67
893 83
808 82
631 90
607 18
525 29
157 79
539 19
906 17
996 30
753 14
660 65
935 21
715 34
623 38
674 40
435 69
435 43
382 74
121 24
181 88
275 90
392 49
616 38
941 71
788 95
205 30
628 43
161 12
525 85
211 54
454 87
626 96
699 32
498 72
218 82
208 21
149 99
708 62
489 63
413 39
811 54
572 89
139 87
956 25
509 80
612 72
691 89
338 41
710 68
761 34
713 91
959 17
211 80
239 51
396 18
865 14
339 59
664 69
967 37
567 87
858 19
886 32
164 71
683 74
560 15
173 11
144 73
403 78
315 58
420 61
175 44
559 77
891 95
579 68
751 76
702 76
201 43
373 83
714 88
112 84
564 64
678 52
603 33
372 63
598 36
771 73
830 53
328 34
597 22
618 98
446 31
478 49
829 13
543 28
161 13
464 95
462 11
520 39
560 62
110 52
800 14
366 10
408 93
565 31
527 73
839 17
100 83
281 88
393 80
764 54
138 92
321 40
825 10
486 78
980 83
991 69
855 66
939 20
815 69
857 79
413 78
929 90
612 83
171 89
677 51
911 23
920 42
505 19
816 98
157 48
248 72
111 48
359 52
452 10
580 13
674 61
637 87
596 26
136 97
353 53
122 35
731 91
964 36
672 65
333 92
458 86
734 69
502 76
596 91
163 60
702 89
948 62
824 67
783 10
566 24
751 15
748 87
488 89
110 75
342 30
742 70
600 43
937 39
701 33
990 29
441 59
372 42
281 28
413 23
489 43
935 42
445 38
200 16
398 88
164 68
337 90
686 29
255 81
604 80
960 25
393 21
595 18
558 59
877 89
154 49
443 67
354 85
202 71
929 36
774 85
724 22
269 84
452 15
802 43
571 30
403 55
379 85
688 85
741 10
890 76
299 64
743 97
560 78
725 40
909 76
630 33
747 16
443 76
620 28
594 65
292 97
411 37
926 91
709 60
622 87
223 56
314 81
865 33
243 59
341 27
106 65
760 61
518 59
373 86
357 18
792 59
589 51
966 56
109 33
322 33
523 95
575 49
363 10
718 66
596 27
576 31
248 59
509 85
908 67
599 54
963 97
644 95
803 43
352 42
967 40
418 66
558 94
344 41
915 26
783 41
586 90
450 62
386 33
115 29
669 53
472 40
757 77
485 68
762 43
187 40
539 45
774 28
608 34
784 61
403 41
927 29
382 79
613 51
281 80
108 88
425 11
500 20
271 78
783 56
844 21
675 15
544 77
679 73
116 12
346 44
226 82
131 62
134 47
265 34
426 38
694 83
582 80
691 66
282 68
776 63
874 56
207 70
644 70
256 71
216 100
853 38
759 66
988 84
883 39
373 10
936 50
243 68
694 90
303 22
193 66
799 79
466 26
135 88
343 25
161 99
618 62
634 67
204 26
592 24
191 99
211 83
968 26
590 81
567 55
476 13
349 73
562 68
283 67
502 90
718 36
455 94
447 83
515 30
663 72
546 10
891 90
404 99
778 61
893 30
932 33
651 51
232 47
885 62
442 15
455 79
789 75
659 97
345 85
245 82
861 80
905 27
316 80
668 36
918 15
464 15
678 47
998 78
654 98
600 47
229 95
621 50
210 89
363 43
735 48
582 31
673 22
506 96
304 16
931 76
682 44
359 15
696 81
938 95
234 22
341 64
510 70
164 74
783 91
230 15
148 43
614 65
696 13
390 100
636 44
337 38
723 28
487 86
147 73
584 21
116 21
560 44
767 51
954 11
279 38
455 41
757 91
447 67
336 54
711 75
107 12
156 12
921 92
303 60
788 74
571 21
323 32
985 82
601 54
247 87
533 64
941 23
582 16
328 94
261 21
512 11
423 12
250 78
245 46
576 54
800 92
338 91
934 21
811 83
537 48
740 54
321 48
541 38
985 21
235 28
128 15
824 81
216 98
801 88
239 20
866 82
269 82
546 75
467 55
280 63
812 24
221 70
891 25
914 53
887 50
805 59
416 34
691 80
930 99
754 91
469 55
125 78
815 19
495 61
206 83
420 35
478 85
324 46
489 54
853 21
828 61
931 26
223 51
319 100
704 24
878 14
267 19
365 67
634 50
110 22
487 65
689 70
682 39
100 55
833 90
202 28
256 59
656 26
695 26
430 42
878 28
214 76
866 19
795 10
664 91
930 73
657 13
927 38
733 26
920 25
884 13
974 20
537 88
736 38
817 95
275 45
340 20
118 10
675 16
184 47
772 41
311 63
258 58
425 17
132 56
777 64
362 86
352 86
621 81
582 86
709 17
802 82
543 19
281 53
531 12
594 76
383 49
760 37
272 83
809 18
887 61
597 92
224 41
413 67
445 38
674 75
528 96
431 16
806 67
294 15
548 56
592 56
859 94
628 69
779 84
631 20
245 29
992 38
472 30
516 15
850 95
448 69
480 49
836 61
630 40
874 48
709 51
687 64
949 95
932 94
404 38
583 49
533 21
968 36
344 74
706 46
949 48
765 95
395 46
449 29
202 71
141 40
353 26
754 76
708 26
174 71
644 26
263 22
243 46
736 28
776 41
827 79
164 62
224 62
795 66
693 62
461 79
758 63
401 53
811 20
393 68
905 51
828 88
850 43
420 85
391 77
825 64
518 63
855 70
379 42
838 25
715 61
719 69
899 37
971 48
778 51
483 67
772 47
881 10
178 78
463 30
937 40
427 59
493 95
283 56
424 72
943 82
777 22
525 53
918 15
889 89
611 44
622 58
641 54
477 24
619 75
742 70
331 65
736 20
578 95
933 64
352 33
474 24
363 67
835 94
684 74
132 42
252 18
987 57
323 74
406 30
308 37
742 50
483 100
903 62
303 33
909 82
127 26
238 42
288 19
247 54
968 73
323 68
697 83
400 88
725 82
606 84
589 69
272 14
552 79
485 65
224 52
583 79
892 88
482 83
887 29
792 35
365 70
702 40
501 18
491 96
190 80
281 47
538 18
993 94
659 57
971 27
221 80
980 83
173 12
504 98
289 81
892 38
979 59
937 23
985 73
925 52
144 13
218 58
632 51
408 48
552 98
926 32
689 57
601 98
866 27
129 41
825 85
645 24
190 79
233 59
892 64
239 79
972 42
982 70
707 15
171 12
850 81
455 80
196 81
411 62
672 73
690 71
308 34
784 83
296 78
757 71
913 74
943 22
397 36
615 19
405 17
900 42
165 47
198 99
887 91
953 98
614 26
706 53
136 69
477 44
389 61
224 20
366 62
552 10
425 17
811 85
543 69
479 85
428 61
815 79
817 51
470 53
362 10
473 27
340 49
650 38
198 73
801 93
169 31
405 97
677 86
704 53
169 76
104 45
590 51
171 18
151 99
733 25
975 97
202 23
295 68
587 63
369 23
613 49
794 43
966 34
787 50
353 88
931 44
708 64
291 52
729 51
889 60
982 78
579 51
529 47
403 50
264 45
323 52
715 67
864 100
623 34
673 53
371 29
952 24
345 25
594 40
749 90
573 42
856 81
688 95
531 66
371 71
249 91
365 79
760 11
388 22
385 49
289 17
784 53
572 18
893 88
511 85
752 29
364 90
741 31
904 24
179 94
689 75
993 77
534 32
698 32
952 33
651 37
896 35
693 68
629 80
667 89
228 27
652 10
651 29
711 59
899 98
691 54
288 93
264 65
175 38
226 23
360 33
114 41
481 15
169 42
161 21
705 14
704 50
265 50
516 12
344 27
252 98
206 37
990 36
764 48
271 54
536 55
863 60
888 43
483 33
503 35
461 50
648 30
137 100
226 87
528 100
666 14
807 15
413 55
365 70
582 62
726 89
493 59
464 79
898 34
295 16
124 12
283 22
445 25
397 36
169 85
838 22
274 50
156 48
382 90
422 19
980 29
562 84
983 70
296 46
458 58
617 80
592 85
367 61
717 50
479 47
359 27
546 61
759 45
245 65
682 83
475 54
944 35
929 27
820 50
739 61
364 33
546 85
721 85
273 58
311 56
572 48
383 44
246 23
576 59
624 53
500 21
537 20
284 69
321 32
148 15
792 19
863 39
592 27
518 63
701 40
514 38
837 98
685 64
997 30
183 66
485 22
806 90
413 49
397 70
145 77
313 86
590 53
834 47
781 65
652 14
188 77
697 80
467 71
633 55
780 98
987 76
324 57
164 62
104 40
451 38
353 22
585 19
371 73
426 33
365 78
513 43
774 50
600 69
183 55
691 97
480 43
315 58
802 67
461 53
485 15
909 60
106 55
894 73
937 73
667 88
932 71
433 69
497 19
191 46
301 76
666 61
846 41
880 40
305 76
809 24
175 96
230 59
1000 66
793 59
606 21
225 25
328 79
626 19
153 28
561 17
493 17
301 85
335 49
970 71
958 35
610 34
414 60
484 92
778 14
283 56
973 39
1000 65
373 84
208 14
629 86
502 28
148 29
925 56
840 71
618 96
560 73
100 34
425 75
909 52
508 70
202 59
796 53
291 21
374 44
740 58
357 74
429 58
398 70
575 53
237 40
214 72
916 54
233 48
969 64
380 95
629 54
494 73
825 57
552 63
881 82
979 77
857 42
909 100
604 50
378 64
883 15
177 40
223 94
152 55
633 67
535 55
236 87
429 81
173 46
953 89
579 97
675 13
490 83
697 92
226 62
567 86
894 26
866 82
530 36
319 66
443 88
632 40
356 17
482 25
470 76
987 81
999 61
530 68
674 85
732 81
478 69
929 24
265 82
306 57
782 24
677 66
841 87
988 34
904 95
673 29
355 38
230 57
497 20
753 52
217 31
122 67
349 52
207 95
504 79
827 56
575 41
493 77
735 39
100 92
158 80
106 38
416 24
434 61
1000 34
913 18
781 56
323 60
944 53
178 31
243 81
668 89
750 100
159 18
123 30
261 81
229 78
362 16
182 43
248 84
878 62
559 52
679 12
317 41
687 57
199 99
417 20
466 85
484 76
554 25
420 39
781 76
603 42
114 65
727 63
305 45
808 71
192 100
158 67
706 66
128 65
905 16
519 79
673 66
934 83
636 16
665 62
216 36
969 64
298 25
669 18
460 92
769 55
331 37
634 47
780 50
849 95
432 37
248 72
925 55
529 76
596 70
241 61
163 74
940 38
552 39
842 47
563 87
146 94
623 82
233 40
809 39
676 98
165 23
514 87
112 54
974 81
402 78
128 14
398 23
310 93
288 15
394 61
362 38
910 31
735 15
682 54
432 78
720 41
978 95
236 65
943 34
260 69
187 23
165 10
853 73
686 33
968 60
722 51
331 79
770 30
946 39
253 95
778 89
628 51
850 91
445 46
405 54
617 90
880 78
786 100
208 80
316 93
245 11
679 47
465 58
394 92
284 11
116 49
314 26
172 10
754 97
655 36
580 90
898 50
968 70
850 54
214 40
473 73
535 67
680 86
234 25
271 26
644 100
333 40
912 51
647 28
133 34
585 18
319 17
670 18
644 17
976 15
656 99
972 29
719 53
733 95
728 77
985 36
723 20
982 74
546 90
554 21
219 67
342 25
185 85
979 69
447 61
929 64
273 92
185 82
104 63
147 20
523 100
820 66
657 45
515 94
548 59
462 49
208 60
889 86
537 10
618 98
548 13
813 100
927 18
338 56
236 64
519 85
431 21
138 98
665 37
347 89
771 35
615 10
589 14
685 70
908 92
188 99
979 12
547 80
913 99
399 61
252 82
997 56
260 45
903 10
540 27
259 46
176 14
858 17
368 58
371 97
485 80
501 100
897 51
987 26
286 81
784 69
900 54
506 84
970 75
395 61
571 49
115 78
408 89
236 17
493 17
999 52
646 19
497 71
306 50
156 93
118 99
770 44
315 74
961 29
906 60
415 65
204 92
467 12
991 76
911 70
461 92
921 65
365 31
975 46
137 12
741 32
478 71
229 48
981 89
232 81
299 37
800 46
201 39
234 40
216 49
116 59
364 29
576 69
783 68
729 78
309 97
478 92
744 100
615 31
241 86
556 64
695 10
307 36
340 72
544 26
632 53
843 46
942 73
470 10
347 98
398 61
453 89
107 19
262 24
658 88
764 84
932 71
425 20
350 96
176 73
702 28
561 84
433 86
662 82
618 57
347 85
547 90
242 14
344 56
675 29
435 88
225 59
872 19
128 87
958 82
592 11
243 33
956 15
345 75
253 63
823 62
333 65
922 15
357 76
679 23
348 49
529 68
231 71
549 44
978 69
784 45
263 95
335 15
104 82
474 88
954 94
268 58
768 61
370 76
576 94
798 73
230 86
335 14
640 21
963 80
153 59
981 18
948 84
268 11
101 17
952 73
374 85
988 16
687 84
962 60
287 75
549 83
258 92
147 18
974 15
467 17
393 56
758 50
970 37
451 55
534 80
896 88
624 54
432 95
453 51
345 85
453 20
748 62
604 24
632 94
574 89
307 98
489 57
569 42
222 48
207 46
941 69
287 75
769 42
404 41
718 79
414 28
633 84
448 35
202 34
486 79
438 65
871 25
288 95
955 18
990 30
443 96
694 90
490 43
560 92
878 28
126 73
603 56
888 40
989 69
255 60
647 71
548 27
878 86
520 32
547 38
784 69
595 76
400 34
450 39
178 25
884 50
642 89
518 29
206 86
847 61
314 74
855 11
505 58
796 50
545 43
697 36
357 11
169 90
890 35
631 11
542 97
264 17
835 22
813 88
800 100
310 34
745 98
796 68
423 19
405 68
983 32
181 97
689 59
932 47
403 24
522 84
961 30
688 77
333 57
240 14
974 85
383 20
441 55
194 37
679 95
368 31
812 84
734 75
622 63
118 51
381 59
365 66
827 58
691 57
880 24
210 25
435 25
826 18
801 30
552 37
194 39
211 30
477 69
238 61
135 31
934 43
648 86
785 10
930 90
946 16
117 37
272 57
336 50
521 14
111 78
444 23
172 70
568 55
578 53
990 10
856 86
764 48
806 38
652 35
935 70
1000 55
287 17
859 34
791 18
423 73
349 37
845 75
407 19
280 82
524 10
430 31
332 53
614 57
506 51
961 11
214 17
615 73
237 66
153 49
762 14
852 51
781 19
688 28
847 56
835 28
248 64
138 77
595 49
733 44
200 78
849 13
989 40
820 41
931 55
426 62
668 86
592 31
679 55
451 12
403 59
664 62
332 50
345 98
540 21
974 85
669 31
570 32
261 41
840 48
380 49
830 54
866 79
278 78
134 100
773 36
435 35
946 43
755 80
447 52
492 82
760 36
301 72
820 94
350 59
799 78
893 52
735 14
602 19
710 20
589 78
401 84
789 32
258 44
754 68
719 90
235 27
802 12
421 28
554 93
527 41
759 26
486 93
228 33
698 70
239 25
800 30
195 24
319 84
642 45
870 34
913 84
445 47
176 79
469 96
934 45
423 14
225 73
488 73
850 40
832 12
803 39
656 60
315 52
671 77
956 31
298 68
717 95
446 25
243 59
705 81
712 50
508 91
443 35
193 54
299 37
675 68
897 73
755 91
906 18
161 90
429 33
977 100
643 68
362 41
536 92
994 74
890 42
175 99
493 48
834 72
425 17
841 28
628 91
923 17
531 77
901 21
554 53
958 91
900 85
944 49
768 58
829 83
639 30
218 76
465 58
570 47
334 78
607 96
951 66
917 53
329 86
437 48
117 64
469 82
155 70
403 30
827 78
352 62
856 48
775 57
551 12
175 74
672 36
719 14
386 75
810 25
592 15
407 42
525 58
645 62
435 77
609 40
587 61
969 79
559 81
702 11
785 15
999 78
766 23
209 14
114 92
798 51
968 53
950 70
667 34
209 80
817 15
324 98
308 31
586 47
485 97
707 70
637 75
454 23
372 49
969 37
625 36
877 54
183 61
979 33
651 39
821 12
687 67
950 60
969 19
370 71
814 56
429 41
860 82
991 26
287 61
155 63
270 10
995 42
720 30
889 26
619 26
609 33
638 11
479 94
702 70
713 21
122 32
235 37
233 89
614 95
471 16
589 92
868 96
657 50
283 83
532 60
521 13
360 53
315 54
810 37
950 56
977 39
131 46
314 81
566 20
763 71
259 28
418 44
421 91
802 46
122 95
181 23
260 57
775 11
516 33
898 14
283 13
144 88
368 23
387 20
359 19
149 98
478 48
438 86
257 98
587 74
362 15
308 10
971 96
456 61
700 79
767 66
362 97
426 40
468 96
740 56
587 16
464 27
997 32
938 42
664 69
460 30
919 39
461 43
760 97
550 69
274 62
526 53
473 92
770 39
330 76
426 97
401 77
244 87
361 50
581 36
545 41
297 87
557 46
300 12
592 67
986 20
996 67
852 83
155 58
172 13
254 91
805 30
353 44
711 67
179 76
643 63
789 45
504 52
894 91
135 35
609 69
619 60
866 55
192 16
628 68
791 86
677 74
243 96
104 24
760 41
301 52
317 58
557 37
964 43
700 13
375 77
430 39
334 35
818 33
908 77
679 31
702 54
465 65
326 81
859 85
213 53
179 46
385 82
614 71
823 88
723 37
545 74
999 29
505 78
724 46
214 94
821 24
815 34
159 55
894 58
894 41
258 68
817 63
687 95
310 52
445 72
139 39
172 32
609 60
988 15
860 27
118 99
607 13
465 17
466 27
733 94
523 46
869 37
220 84
767 70
988 14
509 32
184 82
166 79
933 96
395 86
525 59
383 63
504 34
704 17
854 30
182 31
655 38
406 53
772 34
249 86
228 52
738 10
685 73
681 26
823 46
1000 61
290 44
746 62
591 46
996 89
742 88
879 76
936 63
195 22
275 48
512 23
518 85
667 99
803 95
802 23
876 18
689 77
310 29
649 46
610 23
444 89
564 40
424 24
411 96
159 100
573 54
461 12
258 43
243 73
347 17
475 65
561 18
652 42
215 27
450 81
571 68
215 44
604 84
930 94
574 54
557 32
297 66
261 91
184 88
982 65
153 41
541 74
618 62
805 45
274 25
759 21
308 82
145 49
919 83
741 25
608 68
891 11
842 16
316 74
327 45
913 31
729 59
470 94
292 51
235 48
791 49
464 35
117 28
223 31
972 65
619 17
220 72
706 43
805 72
522 39
800 43
969 62
837 88
588 26
848 72
491 69
190 59
172 63
309 79
824 74
977 83
370 85
319 83
461 10
260 78
882 78
973 10
348 100
448 94
381 44
816 52
367 58
460 33
935 70
349 73
184 10
811 92
159 26
783 98
833 68
962 68
320 64
334 52
891 31
369 60
437 75
721 87
477 38
183 74
196 17
476 82
612 78
182 47
762 79
528 87
623 41
493 57
360 42
130 32
225 32
659 15
456 65
180 77
913 26
921 92
744 74
895 77
425 88
999 32
438 19
225 25
987 12
784 50
535 45
687 91
649 15
114 57
812 60
931 59
569 32
389 50
181 82
251 51
134 23
828 62
354 17
302 80
803 97
540 48
853 15
345 33
229 91
543 95
105 75
191 30
306 21
860 12
478 11
624 24
209 71
103 81
743 71
261 90
369 92
698 64
523 84
258 25
433 36
965 46
499 61
523 52
406 86
254 31
976 88
721 32
212 26
374 42
413 99
102 54
616 43
873 87
525 43
415 86
577 26
926 24
148 12
923 79
534 32
239 29
641 51
134 35
789 86
896 33
217 81
471 64
697 100
750 85
424 69
225 47
101 29
217 27
164 36
939 60
569 75
937 98
188 28
344 89
456 73
924 95
887 24
921 64
318 49
826 20
256 17
781 31
913 39
961 63
472 18
115 88
315 53
654 21
370 65
419 38
112 65
724 29
265 45
409 46
221 50
599 85
703 72
647 50
171 54
120 79
903 91
621 65
815 90
317 63
763 50
243 24
789 29
297 39
181 31
751 17
920 47
153 81
376 44
606 60
510 43
467 100
156 99
818 46
807 74
827 20
505 35
232 35
593 88
117 85
994 77
239 33
743 66
711 94
153 53
999 96
453 92
885 92
536 52
801 62
335 94
578 29
600 21
473 28
328 64
431 65
712 46
125 97
646 41
855 100
848 35
261 84
170 70
832 98
821 73
633 47
397 71
258 68
290 96
497 59
619 97
776 98
917 20
926 67
989 95
933 28
261 82
953 10
134 21
349 45
811 11
237 57
784 77
891 82
964 54
290 66
780 76
605 76
181 95
917 72
496 86
922 21
426 53
921 83
750 56
773 27
449 83
259 25
841 67
100 64
432 96
217 30
958 57
147 45
901 53
115 89
385 76
588 37
739 94
356 13
515 68
935 55
495 23
422 32
442 26
150 18
636 54
994 68
509 48
326 28
865 95
945 56
717 52
119 55
852 63
240 29
513 98
945 58
330 58
328 47
305 32
442 87
408 87
680 15
414 34
178 57
537 58
556 53
844 73
115 73
767 22
381 73
953 26
505 21
707 97
147 75
398 88
719 89
203 27
768 60
383 45
309 40
198 57
726 75
321 77
847 46
137 11
119 76
746 34
997 28
223 18
231 78
481 12
961 56
726 53
185 42
252 62
1000 76
834 59
974 89
333 58
664 91
867 12
322 81
251 19
592 51
248 58
393 57
968 62
785 77
563 86
856 81
913 27
605 10
441 29
337 82
620 37
374 98
755 71
492 51
517 62
867 32
875 41
768 72
740 63
704 46
651 19
676 89
423 54
530 50
202 97
285 33
921 15
411 12
113 15
316 31
266 69
395 41
150 55
245 87
150 24
837 92
216 84
884 25
907 87
349 84
813 68
967 70
170 30
832 19
564 31
601 94
838 77
629 21
213 76
700 42
693 52
355 14
805 25
652 92
891 84
353 52
700 69
424 42
702 91
423 53
406 79
548 17
914 53
895 30
695 30
713 61
212 43
113 37
112 77
483 32
169 56
695 67
656 36
538 36
586 12
476 75
215 60
809 25
350 49
156 74
273 61
658 23
489 84
193 57
878 15
638 53
368 50
518 25
386 70
420 12
634 50
248 12
924 82
549 24
684 98
567 92
387 42
658 53
584 62
946 58
576 100
822 40
755 53
991 89
733 42
600 45
724 58
963 50
113 38
811 52
963 30
634 74
455 99
776 65
477 40
257 49
629 27
937 93
470 78
994 52
587 35
903 14
772 35
509 27
459 67
893 26
932 76
613 72
110 41
276 91
745 77
234 78
969 57
901 54
891 49
676 27
948 55
189 35
608 48
765 74
713 28
270 77
941 75
347 11
367 43
552 41
857 23
726 29
945 14
557 80
361 53
424 31
580 61
325 13
759 14
951 51
653 79
522 19
821 10
703 51
584 75
123 66
577 90
126 39
845 25
888 68
807 65
918 33
657 78
670 76
692 95
270 82
997 36
670 94
948 74
262 97
603 65
310 81
388 76
609 74
402 13
287 67
713 99
443 61
478 77
574 19
260 76
429 19
316 12
135 21
138 42
650 57
475 56
631 57
890 99
661 21
230 16
495 65
966 78
152 39
401 13
375 28
785 13
180 84
644 88
179 57
689 29
979 97
735 100
247 91
875 41
232 63
749 85
974 76
558 80
997 100
898 37
909 48
346 33
919 99
251 64
513 22
639 87
580 96
309 56
851 81
167 10
643 63
463 57
524 36
400 54
603 80
206 33
348 77
673 95
373 82
833 71
585 54
699 79
135 24
460 77
143 81
611 80
500 69
715 98
473 32
812 31
180 30
149 17
476 17
173 50
650 53
852 93
795 87
266 83
650 62
777 13
497 66
758 50
134 44
879 42
811 87
384 36
655 30
534 42
696 69
516 31
401 65
959 92
950 10
634 29
538 49
468 36
125 47
104 59
821 48
723 38
226 74
430 24
502 77
493 24
258 24
212 82
349 68
799 81
608 79
702 100
153 57
511 86
131 100
869 82
693 79
648 53
759 34
725 95
151 98
674 88
659 43
519 69
205 39
308 12
345 87
469 19
245 100
845 38
999 63
142 12
171 100
915 32
196 93
289 61
714 82
397 37
835 43
309 56
613 68
385 10
658 79
199 96
597 39
561 52
912 12
550 59
575 91
817 10
698 100
175 94
804 12
916 66
177 91
783 29
429 65
946 82
128 72
405 49
300 14
946 47
105 84
444 10
194 80
905 50
882 17
527 62
961 60
242 98
324 21
444 25
558 27
648 36
435 89
713 94
524 57
817 55
187 84
196 76
644 72
557 51
111 54
479 65
818 73
317 19
104 19
282 51
104 17
370 46
407 90
437 76
119 32
231 32
163 33
695 78
252 96
166 13
303 94
661 19
758 11
943 10
260 54
476 87
496 80
846 23
472 40
611 80
467 69
603 34
421 51
468 54
440 21
114 24
923 86
205 46
742 38
232 30
778 76
233 62
716 34
451 45
295 57
462 56
804 79
726 48
844 66
477 54
937 36
595 41
586 91
873 26
821 51
687 89
232 44
418 26
333 16
148 64
911 69
370 20
815 63
639 46
130 63
157 28
781 41
210 32
869 92
419 55
897 60
239 96
708 32
365 33
482 63
839 11
415 97
704 21
316 41
790 82
898 65
920 20
710 83
318 13
251 41
231 40
673 26
176 53
762 22
378 47
107 26
613 21
466 96
620 12
828 64
929 27
133 68
518 37
629 85
341 82
356 92
206 32
455 59
872 10
370 82
844 64
802 32
855 35
825 83
991 34
486 45
112 80
204 57
868 53
386 19
921 23
619 80
472 99
509 51
353 65
873 85
880 91
513 40
555 71
959 53
502 72
721 75
822 91
306 93
558 12
456 41
802 20
124 62
753 57
141 79
735 35
123 57
724 78
627 94
461 28
355 45
355 98
785 45
667 44
933 27
892 93
523 59
598 20
834 58
300 91
420 15
521 85
914 72
738 87
395 46
166 99
646 93
941 14
658 93
623 32
590 66
876 32
249 55
118 23
113 94
360 11
773 26
758 78
808 89
732 26
665 58
805 31
622 66
534 97
154 50
636 26
185 34
915 74
397 79
592 18
101 61
394 12
454 76
262 81
354 29
877 40
586 16
690 86
643 29
245 42
781 39
745 94
846 32
730 17
477 56
865 30
231 31
257 17
448 66
435 91
392 78
682 27
535 32
303 13
869 31
453 61
628 29
536 85
239 14
698 42
317 58
804 46
470 32
187 80
467 40
934 93
246 50
612 96
320 98
867 90
449 30
334 92
726 42
809 35
848 24
592 70
554 34
771 99
223 25
189 12
993 79
908 25
318 54
912 76
182 45
691 94
484 46
321 33
179 19
813 74
945 30
692 45
899 73
712 83
523 13
628 86
998 87
644 43
617 73
144 15
206 90
728 38
324 12
124 20
718 57
1000 33
468 26
876 77
262 59
482 89
528 36
335 84
511 93
126 38
909 40
464 59
971 27
997 89
664 12
424 93
398 26
476 100
986 82
471 25
735 12
177 34
940 56
411 13
280 53
707 68
624 11
774 42
940 13
840 15
281 53
674 52
611 43
486 39
451 87
578 62
107 68
461 82
559 83
129 52
939 94
281 78
476 11
938 88
652 22
784 52
406 58
380 82
811 38
917 90
132 14
539 29
144 25
897 71
207 96
576 72
544 88
428 75
787 21
419 51
252 55
843 64
385 45
308 77
580 18
657 72
393 66
560 43
266 32
354 43
553 59
214 58
830 95
393 74
903 94
526 86
718 63
145 13
254 87
316 40
483 20
915 67
375 25
684 19
602 35
544 47
321 71
229 65
978 53
938 78
271 55
135 37
625 66
915 55
869 33
232 68
277 59
456 15
659 44
405 27
584 58
964 79
454 85
164 100
586 22
319 68
302 90
429 26
383 96
805 43
294 13
816 46
623 100
537 16
257 97
739 39
854 50
192 15
496 69
154 99
317 57
804 50
674 23
911 61
907 87
652 69
716 43
894 52
767 80
353 44
463 71
725 71
676 87
747 87
698 12
197 79
320 52
375 23
805 34
381 44
572 59
479 65
986 11
272 40
148 75
138 45
410 76
902 32
353 16
591 55
669 84
555 79
255 24
262 53
192 31
164 68
321 65
644 92
110 84
199 57
923 96
542 38
804 67
300 24
251 33
707 72
932 20
980 92
458 10
150 84
307 27
290 22
915 31
779 52
237 49
851 86
251 59
102 69
321 29
990 24
423 77
519 45
823 38
921 66
676 40
441 80
466 52
975 75
712 27
615 21
166 67
529 63
992 21
318 37
467 18
965 61
242 89
822 69
343 87
630 62
881 13
781 64
854 35
555 23
404 68
453 83
277 51
531 16
943 17
971 48
262 54
302 47
413 15
755 41
237 32
141 18
497 28
611 80
646 74
563 25
817 91
946 58
301 50
451 100
608 31
416 66
744 11
319 66
664 56
594 15
686 56
633 32
267 48
978 56
563 40
694 24
462 49
383 33
942 40
792 46
485 99
881 87
990 52
721 39
990 86
767 54
875 65
205 93
509 76
127 69
462 38
548 63
268 33
932 92
904 19
463 76
219 83
891 39
998 59
699 86
681 42
254 25
735 47
531 32
149 49
682 73
927 63
987 24
992 38
613 50
182 83
730 10
255 99
666 55
862 87
900 16
991 27
284 64
568 20
245 56
600 29
812 93
176 26
214 76
774 86
362 13
792 75
468 52
468 66
435 90
422 99
424 10
650 49
704 88
506 80
360 27
837 60
475 82
130 25
635 71
787 79
811 18
471 48
753 43
739 94
131 66
401 13
632 70
787 11
234 95
760 25
269 100
989 48
495 35
957 82
292 35
859 89
683 61
691 35
337 51
385 26
415 41
117 26
118 12
821 81
647 21
260 42
915 92
396 63
688 56
227 47
912 62
294 93
933 12
923 76
626 98
511 54
324 20
709 76
113 74
404 34
612 95
695 87
754 55
501 95
306 75
822 33
981 35
385 69
856 78
936 66
981 92
517 62
844 17
206 69
753 84
530 64
882 36
879 96
698 44
322 33
980 72
243 32
880 85
620 52
811 66
288 18
672 59
750 86
923 81
375 34
913 50
641 48
722 90
428 76
307 21
136 74
296 21
744 92
545 18
512 96
347 63
997 98
379 32
938 36
807 48
382 31
588 35
647 69
382 96
896 73
600 65
437 31
221 71
196 69
141 22
562 57
725 35
427 55
243 95
603 10
884 36
255 43
453 39
747 78
234 88
907 60
310 56
937 94
693 65
931 98
981 22
317 26
308 67
551 37
410 41
886 85
212 90
521 86
489 54
503 86
929 90
687 44
608 54
651 66
221 30
640 18
240 21
926 22
237 82
981 90
260 21
830 21
695 53
650 13
288 54
886 76
280 60
533 58
208 19
568 60
667 45
365 31
453 13
375 49
460 24
401 97
305 84
186 71
454 60
532 22
239 44
285 70
754 24
815 59
769 37
854 78
922 68
388 14
950 71
189 61
928 88
482 52
264 90
709 11
848 54
745 14
296 23
495 67
558 23
453 31
310 68
480 89
805 58
270 19
481 79
687 55
629 98
548 30
774 60
846 21
241 83
802 64
229 86
614 18
658 58
917 44
616 46
249 56
746 67
845 78
310 81
109 84
832 93
227 78
380 33
865 99
409 42
198 76
751 81
298 64
576 14
177 62
300 53
981 28
187 32
576 99
506 43
394 21
733 16
766 42
290 67
827 94
220 48
912 54
263 68
538 95
780 70
734 29
211 44
778 86
297 58
239 68
146 78
147 62
130 19
249 60
361 46
676 86
344 41
865 68
780 41
546 94
705 66
195 29
196 47
530 88
667 73
183 61
620 16
952 23
615 86
721 72
660 55
942 87
228 14
839 36
688 10
871 17
106 40
684 41
150 35
109 11
409 85
761 50
946 50
267 77
744 88
527 48
270 80
693 10
994 54
762 35
142 70
662 27
734 87
716 19
423 43
145 38
222 59
339 25
357 89
732 77
175 84
517 23
452 17
891 93
740 88
469 54
516 98
329 30
296 77
238 10
223 73
833 78
283 74
190 98
447 100
317 21
303 82
846 65
511 11
207 17
207 39
338 80
895 12
970 24
455 74
737 52
209 73
853 53
449 74
245 26
642 58
479 59
608 31
165 49
631 28
314 76
920 47
946 97
693 77
132 99
216 97
584 44
792 28
770 95
753 80
467 29
223 72
599 83
561 23
961 96
724 77
607 100
874 55
909 45
794 84
581 23
816 54
309 71
382 86
262 49
481 48
947 59
300 10
515 88
198 44
695 34
520 60
172 82
753 32
710 87
834 19
312 61
953 75
847 95
830 28
431 63
403 58
612 50
813 66
326 99
394 22
461 12
980 70
848 27
780 56
452 32
990 45
963 22
204 91
299 88
413 65
724 12
173 86
778 21
658 54
240 71
212 31
195 37
340 27
672 67
789 27
865 28
267 71
546 90
796 57
767 73
227 59
420 52
598 56
566 50
679 10
886 92
252 89
905 21
522 47
634 54
584 87
626 47
229 61
338 76
492 11
132 19
516 17
703 21
162 55
812 55
131 92
437 21
475 50
337 38
281 23
611 14
965 27
969 39
224 73
730 55
854 59
317 57
437 21
115 65
582 49
656 39
358 27
339 53
341 61
378 31
753 61
611 10
950 67
576 26
423 54
196 16
842 18
236 17
581 52
363 83
613 45
622 74
709 60
123 32
830 52
897 14
213 26
340 56
138 92
816 79
326 25
561 21
238 18
993 51
710 92
586 83
621 87
555 67
489 88
968 28
398 86
473 82
525 35
937 90
937 43
493 14
474 94
695 99
167 61
726 14
534 60
539 87
504 46
666 81
136 56
126 28
729 91
662 38
223 42
220 89
587 50
676 46
668 66
716 79
482 82
594 74
299 37
215 78
454 53
409 95
942 96
170 64
277 76
533 66
107 65
447 100
409 69
992 86
605 82
715 84
719 51
561 39
262 85
804 61
682 39
531 74
352 49
202 96
279 92
890 100
989 43
403 35
845 12
147 30
278 81
570 54
427 57
461 39
507 90
941 44
777 56
124 36
653 93
430 57
932 32
806 30
339 16
600 21
303 77
833 67
908 18
267 17
261 98
197 49
340 92
534 90
285 11
725 12
466 27
577 90
115 71
333 92
600 61
118 14
168 35
432 59
178 19
420 79
752 100
232 28
485 37
187 89
379 17
129 81
949 71
756 80
187 30
414 28
979 20
474 17
886 71
209 91
724 34
842 68
540 45
640 36
276 50
651 39
947 31
972 31
809 27
922 75
408 38
880 100
763 13
269 14
836 36
809 77
175 59
743 30
488 31
370 22
577 63
478 36
852 19
313 12
337 23
578 91
630 35
438 56
594 11
471 53
111 11
160 60
769 74
293 42
604 22
351 29
625 16
831 99
585 93
949 88
242 42
677 52
199 50
306 24
425 90
360 49
335 28
329 88
525 20
360 72
542 56
453 33
240 66
167 28
234 66
270 20
242 34
441 79
633 22
785 45
126 36
197 92
179 48
229 92
302 98
204 23
567 26
923 45
426 81
782 39
803 34
775 68
746 24
967 90
192 96
643 28
786 40
886 45
995 39
392 89
569 76
679 40
969 73
960 99
697 45
233 39
347 79
887 87
436 71
537 29
942 26
290 43
443 62
227 56
646 90
288 66
100 28
857 89
753 37
478 81
939 17
662 39
859 17
852 55
590 95
389 20
499 72
644 28
692 64
780 77
893 96
760 14
878 36
778 82
188 12
524 58
929 81
493 40
182 67
325 88
755 50
339 74
940 44
810 65
991 66
747 80
553 16
421 52
855 47
276 89
452 59
642 78
303 12
817 73
994 21
515 53
866 28
399 51
879 80
676 99
685 59
381 71
991 48
822 78
684 82
773 46
522 72
334 57
629 72
541 32
877 16
641 72
690 62
318 32
706 20
579 58
638 16
732 14
801 35
919 85
290 77
207 39
956 72
547 13
857 47
107 75
786 99
218 90
397 99
611 20
608 74
763 51
616 57
122 84
171 68
608 14
129 34
901 99
886 32
869 87
158 93
830 35
321 47
197 69
346 36
364 47
564 26
970 33
859 100
774 16
691 65
970 60
679 43
653 71
642 31
498 91
196 29
840 85
303 57
898 64
505 53
417 12
407 22
439 85
650 35
423 66
581 59
699 74
472 15
218 28
841 40
214 57
248 23
172 46
924 32
591 81
580 65
450 77
917 52
782 16
921 75
795 86
538 16
253 49
240 82
689 78
210 28
349 68
774 96
999 37
972 28
878 40
551 55
713 15
524 77
169 47
781 54
628 98
489 97
922 73
908 34
215 41
644 49
222 44
783 88
972 13
150 11
516 87
400 94
654 91
420 47
811 61
701 35
981 43
850 90
751 91
874 53
456 51
528 90
433 49
469 40
197 31
675 53
112 69
154 97
154 94
658 20
480 46
615 87
330 86
693 86
858 46
156 71
329 24
325 21
114 76
677 35
893 27
659 49
698 10
976 10
625 70
835 25
819 14
365 89
666 84
719 51
670 48
838 67
437 40
585 75
419 76
596 76
785 25
618 57
224 98
265 65
638 13
438 33
567 85
515 27
239 32
771 77
448 24
615 21
633 74
887 78
283 50
358 78
528 51
381 60
944 21
928 98
681 52
893 11
229 10
146 46
188 50
718 23
938 77
173 91
218 24
199 42
376 22
281 54
882 76
985 95
502 93
132 99
214 80
279 58
106 43
778 35
632 61
631 36
432 35
632 93
528 63
780 39
957 80
268 77
402 14
738 89
307 99
268 55
674 18
768 81
946 96
382 11
125 45
397 25
148 88
715 48
982 12
172 37
293 36
985 87
363 69
295 89
758 59
883 91
411 98
793 87
160 81
654 11
956 68
749 13
932 69
864 98
439 70
1000 22
220 69
274 17
244 36
999 12
307 22
897 61
132 11
327 66
146 94
629 25
496 51
788 87
173 88
181 94
961 76
864 100
896 35
597 51
965 26
798 15
293 87
799 85
547 80
307 88
281 13
595 71
414 71
689 95
103 33
577 24
500 39
616 48
980 75
895 57
345 32
393 66
891 51
113 78
351 68
666 56
288 24
770 64
191 91
790 15
915 80
701 17
183 50
772 21
994 78
710 69
271 37
326 12
296 52
606 59
685 46
327 18
835 68
773 81
448 89
922 33
957 14
649 32
893 83
511 42
566 59
787 70
948 13
786 62
381 93
393 75
423 23
497 98
640 100
720 98
995 43
556 49
691 92
332 48
474 44
760 31
780 95
397 67
433 98
922 10
290 88
274 91
948 84
888 45
168 42
979 42
237 59
526 59
899 57
760 88
696 16
540 94
204 74
258 68
576 78
449 17
321 26
702 64
995 63
459 97
235 10
382 90
407 64
146 55
653 89
645 17
643 48
386 43
120 80
530 100
639 59
553 15
926 19
906 35
253 60
980 38
471 36
711 53
478 45
689 79
899 89
742 59
925 67
302 13
992 70
102 16
350 83
299 70
877 32
319 12
392 61
253 84
850 35
738 96
201 39
709 58
350 25
165 58
521 29
689 76
232 71
529 64
856 76
711 99
625 12
625 78
681 35
783 95
312 83
570 31
738 13
226 66
219 60
794 81
660 35
473 74
652 31
793 24
279 51
626 76
265 40
713 74
408 25
940 81
430 25
165 20
250 19
242 75
777 24
257 19
713 66
125 94
108 72
442 53
727 59
210 58
866 48
866 45
197 78
779 43
103 15
944 82
685 47
969 14
667 36
854 82
788 64
950 94
663 76
641 47
779 83
635 66
915 39
251 71
130 24
169 49
425 50
183 51
588 40
425 100
382 21
400 90
918 23
443 33
289 92
364 98
690 84
694 81
248 78
834 65
434 81
875 35
469 26
133 34
574 43
698 58
745 22
531 47
195 63
693 96
360 85
699 70
549 49
926 42
405 38
943 94
488 33
618 37
838 82
221 12
856 54
431 21
548 79
399 95
543 37
900 79
525 51
144 13
298 32
224 53
771 28
188 22
555 85
920 13
428 50
238 45
348 96
115 69
839 69
653 86
520 51
165 51
252 97
292 63
395 62
587 74
257 44
689 46
384 73
102 64
533 66
978 77
225 38
654 82
292 58
584 76
543 79
550 22
881 14
499 24
969 73
990 27
462 92
585 94
127 68
166 11
622 30
210 98
638 89
297 50
420 76
776 92
597 89
923 87
811 98
965 25
642 86
242 13
322 24
596 65
114 91
639 70
773 91
279 77
203 43
951 30
562 64
986 26
308 24
512 46
965 43
369 87
810 18
505 41
278 24
945 51
631 74
316 73
788 73
291 46
710 39
386 33
148 77
188 33
854 77
647 67
761 45
235 50
267 98
291 67
349 54
479 93
829 88
711 74
616 56
586 91
175 32
858 86
377 42
834 79
912 66
946 59
981 50
575 57
719 93
259 24
600 36
489 16
242 76
135 56
241 15
378 50
499 48
338 67
151 44
255 52
894 75
575 46
441 53
440 10
783 94
150 11
984 89
359 22
234 76
518 71
852 17
283 74
174 91
242 81
226 81
315 74
379 12
635 85
607 51
276 15
472 22
413 42
806 61
979 24
645 54
909 66
344 46
364 45
599 51
939 45
602 87
727 35
949 17
247 33
484 24
497 87
122 37
644 22
158 32
965 98
442 84
713 10
987 79
748 72
282 71
532 14
851 86
253 83
730 64
831 47
640 97
430 53
853 40
197 22
154 11
517 89
857 13
169 89
623 91
846 24
282 90
639 50
622 19
523 13
297 75
926 97
667 69
519 52
651 100
234 67
386 63
215 88
951 80
858 35
669 77
134 73
924 52
569 93
773 41
631 10
463 14
218 81
620 37
274 100
737 45
862 57
108 41
298 45
533 37
582 35
214 50
266 95
878 15
616 16
372 88
715 65
556 71
113 57
860 78
987 60
107 36
672 36
441 29
182 76
541 76
884 35
574 64
278 82
754 67
140 92
805 51
210 99
1000 40
162 53
564 54
915 69
834 62
851 46
117 89
298 78
313 92
495 99
653 39
551 10
117 62
921 41
228 40
341 98
301 29
341 58
781 58
600 43
112 31
888 64
820 76
869 93
832 42
960 44
301 92
794 85
911 63
635 29
600 34
947 74
432 19
134 25
945 12
760 76
148 18
792 26
953 75
355 18
781 49
520 47
468 83
627 75
186 79
305 72
854 90
692 91
508 12
310 28
248 86
335 31
659 72
633 17
807 58
299 20
726 56
220 92
694 70
605 89
709 26
595 58
567 95
313 70
820 97
960 22
195 20
630 26
894 13
992 17
111 91
816 100
490 78
812 18
821 10
567 44
997 26
685 84
585 60
862 43
388 30
320 66
326 47
430 24
229 21
153 52
438 76
894 73
607 100
961 99
373 93
279 26
724 100
821 42
441 93
980 60
676 45
308 52
450 29
838 65
577 83
878 82
933 22
304 79
297 41
655 56
783 17
861 89
772 17
896 12
193 57
709 99
260 95
845 95
583 98
223 19
512 84
225 32
107 62
459 85
292 10
179 53
292 67
250 80
230 60
809 77
485 34
923 41
924 31
830 33
401 56
914 14
368 94
623 73
225 69
750 87
522 96
770 31
872 64
102 14
670 73
105 27
665 76
880 44
296 40
176 93
963 19
376 72
393 61
401 51
783 21
649 42
372 56
893 24
537 99
160 62
267 25
321 28
572 36
319 96
968 50
111 11
411 10
359 80
633 55
110 18
922 88
524 18
547 71
109 94
103 40
555 94
678 19
827 53
508 90
828 16
980 70
125 55
360 28
247 45
170 74
486 84
104 44
737 86
213 47
732 61
155 31
210 73
391 78
836 29
627 27
421 80
717 25
273 51
106 41
198 76
329 45
636 90
410 27
207 16
459 17
875 57
682 85
275 52
208 39
244 47
682 89
124 23
296 80
690 93
681 32
314 12
689 89
517 41
663 76
528 90
182 15
151 64
710 80
355 84
427 47
830 94
667 45
786 68
114 66
466 82
431 43
361 32
107 91
685 97
692 80
686 53
721 92
340 31
402 83
338 80
101 39
317 71
910 90
556 40
401 25
643 11
139 18
578 46
298 12
982 40
149 44
983 61
124 62
142 42
437 55
678 50
346 94
594 100
640 25
796 17
929 94
563 96
387 24
343 48
641 79
135 86
499 55
132 51
139 65
465 10
928 39
896 44
684 99
579 95
594 60
195 99
636 10
427 23
601 15
217 29
338 52
887 60
505 13
762 83
807 31
375 16
783 53
358 75
349 78
659 22
381 89
838 76
600 28
897 54
844 82
698 86
962 27
122 48
451 55
955 28
689 15
709 97
933 16
677 78
301 21
880 17
393 25
382 64
518 44
436 15
446 89
324 97
213 84
818 19
656 75
449 84
841 56
141 55
174 17
813 54
685 38
601 56
595 91
225 31
362 81
327 54
486 20
879 41
404 77
477 35
196 98
206 77
364 67
402 95
840 10
424 80
224 53
218 55
820 13
588 96
721 55
535 62
959 49
819 97
443 74
224 90
470 33
697 67
634 27
760 52
189 27
565 76
663 21
717 42
743 76
268 23
704 49
352 55
271 50
140 91
972 43
590 49
219 15
620 97
485 40
558 24
282 23
186 52
605 100
511 55
120 38
195 44
166 54
591 10
908 31
137 18
812 53
475 70
752 20
510 79
738 35
562 40
861 73
438 57
653 76
966 27
496 76
996 80
679 23
284 26
836 18
979 31
841 34
297 33
545 65
192 71
923 76
317 48
363 48
896 34
506 53
669 58
976 41
867 12
454 52
151 28
838 31
508 93
290 78
392 68
727 48
457 18
831 90
552 88
420 63
522 17
565 61
502 35
219 81
772 70
426 83
934 59
118 78
537 81
765 26
574 45
389 26
831 66
486 50
933 74
286 16
862 25
197 65
950 33
712 10
484 85
167 74
423 26
801 46
402 72
998 33
318 79
549 36
554 16
856 35
155 31
340 50
206 20
989 28
646 72
236 37
713 98
603 71
601 47
695 91
409 50
468 52
255 85
400 62
107 69
901 79
343 85
370 50
261 84
614 48
125 29
993 15
582 23
227 14
333 19
186 10
673 36
816 90
686 37
322 17
748 10
828 75
489 36
355 64
858 21
272 68
977 43
286 97
592 33
698 79
704 54
284 60
305 96
774 82
167 12
634 53
831 91
349 29
400 92
798 62
466 46
240 20
297 72
283 40
798 27
986 43
261 99
179 85
570 35
145 30
593 83
494 32
763 18
954 15
777 33
407 18
316 89
995 76
844 12
582 19
936 39
810 44
165 14
853 33
189 31
617 35
479 20
799 51
150 51
559 74
473 68
618 95
813 77
403 32
595 92
215 41
982 29
692 100
152 83
298 40
675 83
729 53
828 76
666 35
697 81
194 64
619 85
183 36
800 38
388 66
757 32
593 21
982 65
804 59
808 96
768 29
201 86
251 48
762 46
322 99
356 10
287 67
256 79
988 97
960 26
125 99
635 65
309 83
178 61
642 55
764 74
419 32
383 17
887 25
499 78
318 46
210 34
399 16
864 65
541 32
258 26
720 39
822 94
1000 72
618 19
923 44
991 83
817 25
848 65
223 19
550 19
685 25
340 43
188 76
139 60
482 71
253 42
317 95
449 26
432 78
435 30
657 22
271 79
619 86
946 77
357 74
593 20
419 35
555 94
142 35
993 75
516 22
725 18
818 31
714 44
886 85
445 53
834 15
293 66
459 78
532 41
994 76
712 49
187 36
344 89
748 91
887 60
649 15
646 32
181 16
947 84
1000 97
464 49
511 98
427 15
559 27
321 52
590 78
318 13
161 52
919 38
693 22
578 55
453 85
245 65
638 13
695 22
380 33
282 89
249 63
813 73
572 17
114 96
434 76
626 29
999 19
811 65
738 31
339 27
537 30
102 13
417 20
544 95
965 31
463 39
697 39
761 22
620 43
641 47
410 46
391 15
799 18
555 95
177 79
210 75
957 48
882 81
382 54
104 17
733 17
410 28
315 40
883 58
835 100
918 23
508 17
580 61
316 84
385 34
900 10
966 29
790 29
772 61
375 30
214 90
583 73
494 22
305 17
931 50
215 17
469 26
792 29
772 83
949 13
544 20
434 28
703 76
910 55
212 57
202 39
584 57
594 64
126 79
987 95
612 70
247 57
617 83
277 61
856 26
282 70
234 70
822 31
694 97
170 97
623 42
153 94
395 68
478 69
549 99
355 35
532 45
576 23
970 34
249 77
940 34
794 24
812 20
901 56
610 28
467 95
233 85
188 32
355 87
970 10
880 88
166 67
840 16
700 34
613 96
263 77
461 87
826 98
293 54
700 88
710 99
972 89
677 81
987 37
299 23
438 77
643 32
317 99
226 55
795 24
406 53
300 34
796 78
610 54
343 71
246 59
683 96
142 98
583 68
636 39
713 37
548 85
546 47
286 54
166 62
457 64
254 61
172 76
770 63
287 49
309 22
279 35
736 87
865 44
152 19
699 81
457 19
337 80
719 45
102 79
313 62
770 12
908 39
545 33
273 56
932 61
932 44
574 10
781 45
969 23
745 98
362 45
233 63
801 50
382 62
254 45
333 70
168 45
447 56
890 41
726 56
451 81
941 49
696 36
833 73
493 48
560 56
890 64
828 13
480 23
548 11
691 58
228 83
570 93
338 41
583 94
298 20
603 81
483 21
301 12
959 62
318 86
367 38
546 18
311 11
736 98
583 26
995 55
106 97
696 90
936 61
722 15
494 17
999 20
341 40
964 17
285 84
996 40
677 40
802 36
633 45
436 57
313 100
704 100
590 32
575 87
917 88
114 10
650 33
414 88
879 46
133 33
867 10
745 68
567 58
170 12
637 77
526 15
279 33
126 32
826 46
154 71
274 71
613 36
204 47
820 93
486 85
509 77
535 42
647 69
239 46
334 15
129 21
820 85
759 59
415 11
518 97
310 11
872 89
893 55
976 74
739 77
721 68
277 24
493 65
715 38
889 17
483 50
715 94
170 19
339 26
673 79
269 41
622 88
230 35
919 26
549 94
142 48
834 68
907 20
555 95
651 69
828 30
879 74
111 76
813 59
126 42
238 100
885 44
756 71
318 68
584 32
834 49
425 79
561 56
591 40
301 68
343 25
107 49
984 91
730 26
569 50
840 21
983 21
891 38
665 36
785 43
259 35
737 59
757 61
298 28
522 66
882 32
640 46
223 24
445 70
164 35
581 97
560 37
163 28
123 53
407 41
170 42
471 66
211 24
540 23
981 55
285 70
248 99
394 99
797 83
477 38
366 88
513 22
727 46
831 16
525 74
745 90
644 35
837 44
243 61
836 42
561 14
380 74
948 32
369 37
591 90
667 58
595 11
369 95
448 10
598 13
121 69
159 87
417 41
863 52
341 23
287 33
748 31
645 28
631 12
214 77
599 41
925 10
637 71
620 45
788 39
891 24
127 47
427 45
947 86
559 16
114 81
264 28
487 55
713 51
178 93
283 77
426 64
865 16
951 96
274 30
394 92
718 90
558 19
327 57
532 65
912 17
189 79
465 74
667 60
645 22
561 71
350 27
305 61
500 100
616 94
157 12
706 64
254 44
126 68
810 48
175 13
895 40
396 88
190 28
537 95
185 62
719 91
861 62
323 17
275 67
957 76
212 23
398 62
988 100
194 28
170 94
780 22
974 89
515 55
268 22
868 17
198 19
408 96
341 66
632 84
838 64
114 78
725 56
318 95
102 74
171 45
617 35
421 41
323 84
464 94
399 67
392 34
532 11
589 86
489 95
135 94
994 71
915 71
243 18
363 52
549 76
504 58
653 89
963 80
833 13
308 41
186 75
730 31
891 90
107 70
630 69
698 49
925 78
283 42
755 19
973 65
964 52
583 53
224 34
667 38
478 80
617 13
922 16
858 34
383 53
597 48
369 12
941 80
183 17
823 81
270 21
819 65
740 92
455 96
304 47
177 29
653 86
631 63
372 44
981 14
165 11
143 87
695 40
778 49
225 17
781 45
663 82
156 93
763 60
898 61
943 89
663 22
386 49
458 41
213 10
266 38
615 28
994 53
639 46
763 66
185 55
108 18
173 42
507 75
521 23
819 36
460 77
937 49
950 67
229 62
882 62
547 76
318 67
309 49
837 39
326 66
177 61
244 40
271 42
571 43
418 49
234 98
350 24
589 93
937 50
876 27
731 65
185 58
519 36
767 31
958 51
441 38
337 94
827 20
707 34
106 18
669 36
225 34
428 41
583 44
847 46
950 50
396 70
125 79
136 86
285 84
121 95
216 59
379 19
673 33
149 53
173 28
230 46
529 21
668 55
590 16
194 40
890 90
321 83
645 24
754 67
650 79
277 87
536 31
158 72
428 44
778 11
614 23
568 38
183 85
472 90
182 49
213 20
442 86
593 29
919 74
829 20
819 86
862 55
395 37
387 60
697 27
116 37
758 17
805 96
603 97
270 84
176 91
141 43
512 75
503 65
964 16
448 26
682 37
324 38
834 88
209 19
447 16
686 34
134 59
110 12
681 31
790 85
196 31
607 80
735 50
723 48
594 76
583 58
931 20
331 74
231 53
723 34
256 53
567 71
577 65
508 30
205 61
862 18
829 55
871 58
646 62
659 33
772 65
492 36
199 44
726 68
705 47
616 41
917 97
203 61
617 66
543 14
524 97
818 42
914 29
726 70
597 81
308 95
885 61
276 28
801 59
750 55
684 11
358 31
207 100
494 70
239 44
185 38
366 74
841 98
665 64
171 77
531 58
853 11
332 45
896 60
828 52
905 36
875 76
157 42
842 52
751 12
481 60
381 21
880 39
309 23
143 93
800 41
942 43
608 12
482 35
373 51
579 47
324 52
419 18
903 43
684 89
700 23
546 99
510 33
330 92
211 86
684 40
650 95
499 21
996 38
901 43
510 51
709 82
282 87
903 81
884 63
603 23
631 59
934 52
198 30
469 25
804 57
419 69
803 84
630 63
302 14
930 44
449 10
764 21
375 100
585 33
660 90
439 10
889 42
289 69
554 28
171 26
106 72
265 89
599 99
413 40
589 73
543 14
862 56
286 81
733 63
306 61
775 50
870 96
940 92
536 88
571 53
639 34
644 33
959 67
489 70
606 79
814 52
657 30
520 46
468 28
793 93
877 78
227 77
377 55
702 62
538 37
634 72
972 56
776 76
407 57
598 84
423 65
382 86
533 45
890 77
646 71
474 26
815 83
599 20
179 61
826 89
609 48
795 10
648 20
626 75
842 32
863 68
886 13
540 90
442 62
175 30
809 21
215 29
789 77
884 12
833 10
599 49
165 47
783 92
834 28
690 24
313 32
630 28
858 70
591 43
213 83
171 24
758 61
457 79
363 75
157 90
278 56
149 89
232 15
797 99
859 64
727 66
404 24
948 38
441 82
920 69
371 58
109 28
939 74
390 76
667 61
646 81
134 29
979 94
612 51
981 11
590 76
790 68
946 25
872 57
827 84
323 21
1000 64
897 61
548 40
532 32
688 52
525 70
136 91
109 53
300 16
251 16
590 69
829 53
800 11
790 63
989 61
630 41
414 49
681 42
259 85
542 91
272 86
476 84
424 19
673 28
852 22
927 59
328 19
919 52
521 98
572 33
915 74
214 81
345 15
106 78
946 74
832 79
196 28
696 52
361 22
639 74
882 87
754 71
620 81
678 55
433 59
179 34
870 77
333 79
331 47
489 73
857 65
109 74
934 80
581 37
310 56
533 34
524 86
969 99
411 51
896 91
128 47
817 15
145 17
590 87
180 65
165 65
312 13
413 34
179 40
224 27
904 98
860 90
193 60
388 38
272 85
507 79
346 29
506 29
525 38
864 54
424 10
790 58
106 85
608 43
654 14
564 96
271 18
577 58
362 49
893 27
870 40
154 15
801 56
536 24
205 80
237 100
825 30
279 70
459 80
484 62
607 14
934 28
431 80
137 88
672 77
211 89
528 94
854 22
622 73
844 16
671 51
656 80
473 72
427 15
890 100
590 55
495 67
901 31
948 77
414 96
118 95
555 45
444 34
825 52
206 13
712 68
843 59
975 60
902 55
476 39
552 11
191 61
613 26
358 54
174 50
171 98
375 46
156 96
938 42
926 33
991 56
127 98
761 76
527 91
376 74
875 15
975 25
577 69
923 96
563 92
459 91
383 61
275 60
449 29
675 71
518 73
488 49
288 15
922 69
521 98
505 90
294 76
801 18
429 82
774 88
422 53
465 39
185 61
754 23
747 61
120 86
866 79
265 25
754 36
803 81
889 64
315 17
905 81
704 63
609 95
384 19
878 46
419 65
217 95
658 87
325 85
807 65
908 16
484 77
326 43
211 11
659 35
770 100
856 97
369 11
658 46
518 89
345 100
295 54
713 80
895 53
374 94
449 82
843 84
257 87
887 85
711 95
750 21
721 31
721 42
973 55
855 67
242 25
645 57
742 60
955 76
115 29
157 36
150 40
383 28
632 63
667 23
758 62
760 49
868 65
755 12
919 13
903 68
355 57
264 48
278 28
138 44
688 71
607 37
320 60
757 27
702 82
315 65
401 40
225 94
492 37
716 58
588 54
332 75
989 83
499 84
775 42
521 43
769 71
585 52
161 46
483 65
212 97
834 17
960 43
444 10
463 56
114 91
700 57
323 15
436 87
168 69
523 50
988 65
668 74
643 16
825 88
879 21
590 72
780 58
547 83
756 29
708 49
206 83
368 56
358 96
874 58
730 31
815 22
192 94
372 59
796 98
192 15
272 100
1000 24
784 58
815 63
711 57
438 57
819 47
224 82
922 65
280 46
323 20
613 86
724 89
928 100
757 13
584 54
962 82
333 82
849 34
249 66
149 47
119 22
514 64
706 35
329 14
207 49
432 99
731 21
328 17
439 65
701 60
821 40
406 46
468 23
821 50
113 15
459 61
666 75
425 17
553 74
537 18
463 62
636 64
885 93
405 62
184 66
226 15
889 19
980 94
814 79
465 38
677 20
860 64
453 76
818 77
649 50
733 53
671 67
753 73
546 27
829 35
623 71
906 70
821 55
217 72
859 58
725 13
759 90
175 81
109 64
979 20
262 81
163 80
154 44
149 73
745 24
820 62
651 98
134 87
800 78
641 34
399 43
786 73
373 73
412 37
569 54
166 58
210 64
168 83
213 11
206 18
662 57
123 97
249 87
344 65
239 91
431 72
578 53
738 81
282 100
776 78
496 94
384 65
369 11
768 92
525 10
195 33
118 49
455 11
600 71
988 48
285 49
787 44
467 68
500 61
388 79
968 19
235 34
135 96
216 74
983 57
438 32
506 20
971 49
128 68
448 48
242 31
554 14
623 56
778 65
345 39
693 63
469 91
162 83
722 63
807 23
304 31
424 80
798 18
152 40
162 26
500 23
651 15
954 84
382 83
464 60
786 91
251 62
525 30
792 45
169 54
863 83
360 40
722 79
496 10
191 68
352 45
722 10
859 36
202 31
540 25
751 95
451 27
563 66
916 88
217 29
362 43
251 31
890 93
720 74
555 63
555 12
743 10
351 26
313 86
457 32
596 77
882 78
553 18
511 40
382 90
938 69
114 31
698 92
392 78
301 100
113 14
955 80
119 13
990 55
932 20
888 58
663 45
208 73
893 56
415 94
488 100
235 18
690 93
937 71
169 15
295 77
969 32
718 43
172 59
973 12
669 67
317 27
650 79
439 16
516 30
438 14
515 41
191 94
986 86
813 64
984 13
171 79
302 39
429 23
885 22
589 11
641 23
686 63
239 11
509 67
147 34
109 50
908 25
218 99
350 11
446 63
982 88
604 92
643 47
394 48
749 91
630 47
168 30
415 96
504 70
434 81
777 14
886 31
600 25
918 92
495 98
234 59
451 89
739 81
944 80
939 47
193 26
504 99
884 60
212 75
662 93
447 78
423 77
479 36
310 36
400 51
484 58
624 64
661 56
896 39
674 22
476 25
138 22
300 37
413 75
218 80
416 30
882 77
582 91
204 38
834 59
899 43
606 54
938 24
690 62
683 70
590 67
459 36
803 90
895 92
126 49
176 19
659 72
900 16
195 67
173 92
252 39
594 79
186 23
520 36
777 63
394 25
941 94
785 74
214 70
157 49
720 35
687 52
390 90
125 29
421 10
968 88
945 77
304 19
442 47
870 79
761 43
493 64
887 22
316 21
409 12
741 46
304 85
329 83
288 73
107 49
308 83
276 49
834 83
629 18
648 90
791 61
949 51
668 31
611 23
742 76
297 24
691 36
718 39
191 84
100 69
218 44
811 95
967 23
556 42
750 39
248 80
219 32
967 32
491 21
791 95
169 21
785 67
414 82
526 38
766 35
974 77
827 64
799 15
450 35
591 19
509 35
722 59
795 19
309 53
469 77
563 33
841 83
693 46
892 64
724 37
805 95
434 12
829 75
281 84
960 63
321 19
882 23
294 14
882 88
349 45
810 32
879 16
891 72
385 40
583 88
138 31
656 68
262 51
938 89
298 40
269 16
814 23
748 76
763 99
651 44
211 61
959 51
162 13
302 44
869 32
528 91
276 15
855 87
288 60
507 94
526 72
790 13
613 77
546 83
955 32
998 54
402 51
415 36
894 81
769 10
319 71
471 41
173 43
732 17
653 34
353 84
501 18
662 55
495 58
611 61
870 88
713 25
776 78
247 59
550 92
114 60
805 72
854 70
814 95
922 99
676 95
579 83
570 61
339 30
831 21
575 44
626 67
529 70
210 98
856 47
394 65
643 53
704 50
801 46
382 55
613 56
664 87
451 32
308 86
542 22
486 76
169 82
180 52
417 44
401 82
479 56
637 32
149 11
938 62
303 89
544 99
551 71
598 34
392 63
801 59
194 21
452 58
246 42
883 64
911 62
791 29
213 21
161 42
126 100
376 72
908 63
434 81
180 92
971 23
441 57
111 68
703 75
401 58
495 97
433 46
666 70
972 20
188 27
748 83
709 74
385 40
487 17
256 42
937 36
254 75
444 45
781 14
758 18
535 78
244 43
417 22
819 39
225 79
703 37
928 32
961 58
940 38
786 59
709 90
805 34
332 88
650 44
799 22
901 100
964 87
535 32
416 90
768 42
685 64
714 33
557 21
947 77
404 29
994 99
271 95
280 14
428 59
692 15
663 100
211 57
321 17
839 79
831 24
306 67
282 68
154 48
754 90
734 18
642 100
431 94
795 42
939 98
569 54
358 78
363 86
371 42
623 55
570 86
510 72
769 36
836 69
712 16
845 31
428 28
779 70
1000 14
866 70
963 66
630 55
497 91
593 70
935 73
641 10
347 73
728 67
368 67
566 33
176 45
355 61
600 31
179 20
555 92
330 39
376 59
957 85
161 30
143 32
808 55
859 89
740 54
589 14
237 65
199 93
355 54
284 23
898 26
425 86
623 22
313 98
566 45
799 75
822 88
169 24
848 84
760 79
546 46
291 12
621 97
680 18
588 64
886 80
459 53
659 56
183 16
617 71
757 87
959 76
525 24
574 18
110 17
314 81
801 85
332 20
517 69
473 59
318 68
212 96
704 72
360 21
215 60
121 39
557 51
210 17
102 28
389 22
506 30
411 71
881 16
704 34
436 45
492 58
618 20
602 88
929 91
760 97
559 94
243 12
205 67
808 67
964 91
431 60
465 55
287 36
715 44
190 15
548 89
508 69
414 78
985 13
950 82
425 84
473 37
912 42
992 86
483 100
531 38
249 38
863 39
622 77
995 47
803 10
376 35
441 13
528 44
378 86
699 79
555 73
960 92
531 40
323 33
762 12
707 33
831 31
683 28
936 14
216 77
836 71
532 29
986 36
607 64
719 95
535 31
323 39
647 86
485 46
279 76
983 27
246 51
353 83
334 25
258 68
642 76
823 51
734 29
274 86
243 58
352 28
103 30
777 51
515 34
521 74
542 79
273 17
261 35
304 10
269 81
650 23
933 89
530 69
474 80
635 80
491 99
595 79
486 19
285 100
493 61
528 11
561 61
397 85
187 44
538 12
518 21
610 62
576 90
642 21
378 73
165 26
351 35
711 87
358 37
760 87
731 44
398 71
862 20
917 45
276 52
455 56
646 73
136 73
640 47
697 13
148 17
116 32
216 78
570 69
722 76
259 63
560 88
483 98
601 62
481 81
113 58
790 57
551 100
223 76
377 53
289 84
692 56
360 34
162 81
173 67
383 40
893 53
255 48
137 42
682 33
990 56
275 22
453 11
191 96
272 54
702 11
680 86
873 59
868 85
492 53
593 68
486 42
359 69
370 25
248 13
206 53
798 76
591 75
947 88
914 43
494 60
933 47
737 31
329 76
790 94
466 51
684 52
449 44
272 85
448 30
565 17
562 93
530 30
330 38
565 68
349 37
892 14
155 99
664 92
317 87
799 82
697 28
865 45
125 55
663 84
169 19
427 48
326 53
746 65
343 60
869 55
345 100
634 79
557 81
816 44
903 68
807 91
280 42
399 53
605 20
392 46
281 57
916 91
252 98
876 47
788 47
998 87
895 83
862 39
299 68
776 39
467 95
477 82
191 61
989 81
991 93
342 87
768 79
446 63
421 98
971 29
889 19
469 97
127 42
524 69
618 59
565 33
283 98
367 93
601 25
726 28
757 57
420 65
206 53
497 60
357 71
361 72
738 45
500 43
105 69
397 10
595 79
438 52
422 78
121 82
910 91
928 81
630 39
534 68
981 15
666 97
949 11
235 58
950 74
575 71
420 86
834 94
563 26
897 72
862 90
786 52
385 90
125 99
752 42
828 81
790 13
606 93
322 98
440 72
878 24
796 85
149 28
564 39
439 94
325 47
492 15
935 27
313 25
976 43
820 63
844 32
933 30
673 34
176 50
408 29
748 64
509 10
1000 84
502 32
384 19
370 11
442 40
900 28
717 45
329 14
970 24
662 100
924 87
255 99
971 85
264 25
814 50
791 84
731 52
960 35
250 57
640 45
187 86
948 50
829 50
259 87
235 73
514 55
862 90
596 41
752 63
306 27
557 52
657 32
694 36
579 81
643 64
253 27
263 53
113 65
522 44
168 12
144 27
707 36
491 97
784 53
405 40
279 76
616 21
993 74
662 91
804 83
211 21
121 93
156 31
953 38
571 44
539 58
532 29
998 29
341 61
739 57
938 12
362 66
946 37
596 84
208 100
896 97
815 43
482 91
943 52
298 92
427 15
850 97
442 92
745 64
967 84
672 26
453 33
357 34
604 59
838 84
999 82
810 91
144 17
209 45
741 84
458 81
998 87
919 51
903 25
110 81
889 27
660 87
601 16
293 29
859 29
761 21
663 89
768 69
791 66
595 45
163 65
743 71
918 92
717 25
296 96
286 18
711 21
644 71
130 94
895 95
284 14
961 40
107 60
251 58
347 20
779 65
369 72
401 72
488 69
263 99
428 58
376 56
518 74
673 75
323 94
786 85
139 78
993 16
191 83
910 73
109 91
529 95
567 15
105 94
726 98
565 56
956 34
400 44
973 69
977 12
398 60
582 51
939 67
540 85
541 46
583 12
238 57
580 35
983 11
710 61
372 87
704 96
351 42
165 15
764 88
915 11
135 24
849 38
397 22
816 19
258 14
878 99
834 97
475 56
188 67
502 85
920 35
642 32
616 89
702 51
497 44
154 16
993 39
293 32
229 58
617 41
382 18
166 37
781 56
596 37
708 33
363 11
954 69
490 62
297 45
364 69
678 15
543 90
504 36
223 88
197 51
722 15
848 26
576 71
132 83
672 22
430 82
728 24
668 55
397 44
498 75
677 36
113 94
145 50
360 78
813 80
460 69
832 76
406 96
224 14
220 66
627 22
681 96
344 71
857 13
726 31
218 53
349 66
922 56
419 47
579 57
465 85
715 30
495 56
711 72
109 89
134 59
982 63
149 71
856 69
537 14
324 31
206 51
214 89
178 62
557 30
491 47
647 71
123 82
771 35
547 64
690 14
134 99
213 86
742 87
800 21
901 60
473 73
134 14
111 63
427 91
242 28
572 95
119 60
410 88
965 100
193 62
702 72
667 98
605 68
251 76
472 42
225 88
462 87
804 52
339 66
891 51
245 48
388 63
434 72
417 77
885 60
778 67
255 74
136 80
742 85
779 64
792 94
637 88
132 29
980 30
995 42
305 17
950 55
318 48
369 72
733 25
297 20
451 39
252 40
826 48
168 44
697 34
261 20
221 92
445 54
981 78
985 62
694 47
184 39
607 12
825 89
528 54
551 42
169 37
395 12
937 49
574 48
401 10
255 100
688 82
330 63
308 35
683 16
237 18
755 80
757 49
881 78
269 72
673 80
924 66
876 72
192 23
411 90
272 46
379 31
950 52
720 86
507 14
204 67
262 92
255 49
298 100
752 100
174 58
578 66
777 31
714 23
436 75
623 95
915 27
759 97
882 80
823 13
882 82
976 69
589 30
964 41
610 43
778 52
729 26
226 100
457 81
130 84
101 98
381 66
456 46
772 38
840 74
219 91
239 43
708 96
852 77
857 43
574 68
972 85
728 28
434 25
549 48
949 100
920 84
839 90
690 43
601 28
554 48
214 82
124 95
878 14
721 40
593 81
398 59
322 52
424 35
550 16
851 55
661 23
365 95
276 66
500 27
108 40
301 43
589 26
165 38
557 70
406 40
426 68
302 99
250 33
847 89
932 77
320 79
861 34
301 93
955 43
101 25
563 90
633 67
707 71
468 10
984 32
140 35
558 11
639 62
825 87
305 93
849 47
261 39
645 80
516 29
258 92
172 91
849 84
292 83
200 39
447 74
445 79
754 34
374 53
468 72
832 25
673 93
756 57
772 28
431 95
680 26
486 21
524 18
460 80
644 78
423 93
747 93
186 39
972 47
251 90
558 63
876 62
257 23
679 64
594 47
181 90
265 28
965 86
320 27
356 82
221 95
609 67
670 46
377 30
673 30
660 70
521 12
538 93
924 98
316 99
501 35
974 64
399 16
202 56
589 67
715 95
302 71
334 81
433 87
186 87
505 36
872 98
799 43
605 74
736 28
262 51
590 43
714 45
757 15
871 43
684 87
941 75
832 89
250 56
388 50
114 27
481 26
842 95
569 31
956 13
157 41
662 51
360 31
143 71
391 46
254 66
933 91
862 67
260 27
608 28
649 15
470 27
205 66
629 32
742 78
186 73
548 10
343 38
317 33
651 52
632 59
474 99
315 63
190 14
684 74
328 41
249 79
155 60
799 89
558 88
919 94
871 84
115 76
140 21
646 24
472 81
566 38
882 95
760 51
939 11
355 30
321 92
274 19
840 91
434 70
111 52
669 21
657 84
547 100
160 51
712 16
270 54
365 26
209 58
408 29
971 48
498 15
186 45
633 58
851 51
936 30
460 66
842 37
351 71
474 15
764 96
569 86
301 95
570 87
476 10
648 27
866 91
778 97
452 11
700 92
509 83
442 58
386 58
521 94
491 16
775 51
290 40
780 33
321 13
412 84
375 71
824 27
374 47
848 42
739 71
665 96
789 51
838 71
308 86
858 65
983 43
310 68
467 16
609 42
494 49
941 80
837 41
781 50
647 15
859 36
598 79
383 52
657 56
995 88
150 27
854 41
483 72
866 98
208 75
950 51
930 72
222 96
657 63
685 31
462 83
736 94
897 56
801 99
753 73
786 82
502 26
798 47
899 18
634 91
635 17
491 56
436 29
219 90
983 82
742 16
129 83
608 97
121 15
935 39
581 93
463 69
126 97
175 75
563 51
875 13
639 97
677 42
927 35
613 87
581 82
336 48
782 21
496 36
673 50
419 49
741 75
321 45
894 87
862 71
648 92
591 15
770 70
984 79
918 11
330 47
102 38
767 50
740 42
791 81
887 14
654 16
401 65
818 19
791 67
275 20
702 29
820 15
428 44
634 47
270 39
346 13
321 88
142 32
737 54
346 31
194 84
246 64
738 69
933 11
638 34
390 22
347 96
239 93
636 63
495 51
328 52
466 56
821 40
138 29
396 31
768 71
117 13
559 78
281 33
113 21
535 25
828 42
608 92
696 61
785 32
187 16
273 59
109 13
630 21
729 32
616 30
181 85
488 69
866 74
927 48
944 87
669 48
750 92
577 30
504 84
833 91
400 35
595 37
609 70
337 72
169 47
499 96
112 51
384 94
375 56
811 69
610 17
981 61
279 36
711 35
424 72
281 51
592 93
766 75
925 100
527 72
534 35
313 31
101 15
704 74
919 75
604 27
884 54
140 20
347 80
902 49
762 55
787 26
917 47
765 42
399 11
651 62
963 54
445 26
720 11
524 60
945 92
407 90
645 50
376 77
331 33
391 10
416 89
701 94
357 40
403 50
352 11
378 62
915 52
379 45
579 33
254 67
839 61
396 84
190 66
305 75
663 67
285 94
757 90
879 23
297 25
300 58
477 24
173 23
349 89
457 80
818 22
627 55
456 32
642 11
720 84
287 21
286 96
105 84
774 23
967 72
269 100
498 100
949 50
871 88
645 83
178 26
455 62
252 89
571 24
848 78
564 11
896 71
164 26
216 63
545 58
190 28
316 71
431 82
464 11
890 52
769 14
632 23
576 21
214 86
621 58
522 47
488 32
510 63
280 60
588 12
695 91
538 92
899 36
292 19
856 34
654 72
307 30
741 88
403 14
375 79
236 65
190 100
857 78
271 97
992 62
878 11
806 74
664 68
594 51
909 75
533 84
639 94
129 75
781 80
866 25
776 86
964 32
107 65
463 41
196 20
389 99
380 89
895 50
430 93
299 96
752 32
592 59
146 56
540 66
467 41
680 27
512 85
592 51
257 42
553 50
729 50
515 82
580 88
911 47
120 26
135 22
657 28
525 33
463 80
532 60
923 33
391 13
357 10
844 82
938 96
588 43
395 38
222 40
711 36
735 31
510 59
201 44
410 67
629 92
106 98
611 19
253 78
958 24
976 90
618 72
596 67
324 55
776 80
558 82
720 87
147 55
201 48
791 25
309 88
747 89
624 47
562 95
377 47
356 93
959 60
747 50
406 28
800 37
242 80
839 32
495 66
939 74
357 87
777 74
605 79
200 70
422 22
431 34
712 69
643 47
900 91
776 85
174 82
912 18
771 89
201 45
902 22
413 56
697 34
952 32
745 58
680 25
646 96
464 33
513 22
645 27
993 100
421 63
132 62
297 28
873 31
704 34
496 36
335 71
938 35
763 75
939 84
422 22
651 13
298 100
195 64
685 99
763 57
939 53
992 93
658 34
299 20
875 28
362 46
778 72
969 83
190 30
359 41
830 94
240 62
335 36
207 58
777 16
904 78
926 55
520 39
580 29
407 85
684 31
838 30
208 15
583 10
412 15
712 83
190 25
899 92
760 57
766 81
603 98
850 19
174 96
409 93
729 88
979 21
717 32
401 70
113 80
261 69
778 66
975 34
525 94
304 67
171 52
594 40
104 25
677 37
319 31
315 66
698 63
917 83
785 65
448 88
486 17
864 99
626 67
615 19
122 37
610 58
426 35
700 57
500 60
177 59
732 90
951 80
649 19
386 73
929 15
364 75
426 62
723 18
158 22
328 88
303 81
657 60
191 92
750 59
592 15
968 98
892 74
926 75
739 69
155 11
354 98
762 15
739 26
976 12
132 34
449 53
346 88
982 78
141 68
179 94
256 21
578 49
354 57
722 18
515 61
148 17
775 51
263 72
852 68
589 50
280 51
441 25
234 63
274 74
354 61
810 36
317 30
503 53
667 43
167 46
827 92
452 58
386 95
874 34
382 87
380 89
530 65
994 43
834 29
510 70
299 66
375 46
732 67
600 61
824 65
885 82
140 100
246 62
353 49
168 81
204 47
750 20
755 43
689 45
343 43
718 82
363 48
808 87
793 80
274 16
601 65
507 23
553 70
186 35
757 71
974 81
674 93
434 61
515 66
357 50
244 82
659 43
104 98
528 13
440 10
285 100
179 72
280 37
868 73
106 85
725 30
968 39
354 24
879 21
131 65
499 57
523 38
206 78
439 14
638 10
851 30
901 50
274 56
556 24
208 69
922 71
470 26
941 77
853 18
467 69
179 100
452 74
888 96
763 100
936 15
713 99
452 84
682 74
498 24
804 98
234 11
170 64
967 61
148 41
622 38
102 81
259 42
746 65
635 68
867 62
153 38
406 78
610 24
918 46
528 45
425 49
111 19
619 44
201 22
217 42
106 59
600 54
730 82
702 48
515 93
781 26
254 96
948 61
577 92
509 48
129 69
208 50
679 39
982 60
110 59
333 41
554 23
943 67
566 91
309 25
407 31
338 73
808 92
656 12
747 20
911 21
268 21
561 52
922 19
556 71
282 62
926 63
217 86
576 94
936 29
261 18
274 99
550 70
245 72
982 40
736 35
439 47
800 65
196 38
750 100
746 68
501 17
893 69
437 43
958 61
667 70
999 93
233 60
950 93
407 51
505 82
825 34
630 12
919 58
727 68
965 46
243 87
180 30
772 97
579 18
836 73
299 81
152 24
502 82
980 17
485 63
385 50
285 15
523 34
284 34
136 61
728 33
692 38
395 87
175 80
801 33
667 54
265 35
701 68
292 15
222 13
423 10
210 68
929 41
936 40
109 70
715 36
385 14
662 26
690 89
619 39
470 10
540 15
212 22
197 84
648 64
953 66
722 39
238 18
854 59
362 56
652 37
989 28
632 56
647 100
408 46
417 95
470 80
471 12
537 21
629 42
717 33
507 69
273 49
622 76
421 91
319 87
189 81
500 99
580 18
927 60
276 14
643 44
103 44
961 77
607 20
332 21
841 22
444 94
838 29
682 85
423 28
879 68
957 64
684 11
580 37
238 87
594 17
363 52
786 100
350 72
429 35
449 30
195 80
403 33
651 18
363 53
141 17
291 92
696 72
779 89
861 41
933 62
751 16
339 12
565 87
876 29
472 30
427 83
877 77
170 100
890 85
176 74
995 78
846 96
487 20
856 23
777 32
375 16
821 96
452 17
898 13
500 99
224 34
562 84
565 70
204 42
766 36
861 33
603 49
659 62
874 64
524 47
592 87
862 64
948 37
524 80
389 50
909 46
154 13
334 15
912 79
659 15
420 28
472 21
273 49
122 46
478 96
907 48
686 22
892 42
215 25
477 87
916 89
799 97
850 71
849 88
909 57
933 36
904 94
643 76
624 89
970 43
198 13
347 47
286 47
201 73
538 89
865 13
403 52
605 60
853 16
211 89
144 69
186 71
843 45
735 94
858 38
311 95
363 56
231 58
454 49
780 62
610 76
399 56
259 60
303 29
330 21
269 53
605 44
994 55
138 45
558 86
599 59
403 78
914 60
844 92
314 34
508 26
455 17
184 82
384 27
470 55
421 62
842 94
802 16
908 84
343 59
144 31
670 61
733 73
583 54
369 50
710 51
949 46
685 87
626 43
926 84
718 39
635 27
793 15
308 81
651 28
550 35
412 27
181 75
782 93
500 81
422 13
649 12
802 11
350 28
862 39
211 46
885 42
230 87
384 100
562 90
714 85
341 34
690 13
338 80
662 65
139 88
449 74
931 83
836 84
755 18
949 41
924 96
673 86
756 89
493 40
997 100
506 24
879 30
810 71
679 53
665 97
435 58
387 52
382 67
387 51
936 43
409 71
947 62
235 54
199 14
217 100
397 83
115 64
276 60
467 58
928 84
780 19
910 79
871 45
930 73
215 46
287 18
797 95
273 25
458 84
221 68
962 79
755 94
733 20
860 92
788 70
427 51
799 88
276 74
889 69
196 85
734 49
559 80
406 25
648 26
583 47
610 89
809 21
495 33
898 12
203 12
279 71
193 54
282 53
717 73
834 75
826 30
512 45
312 99
101 90
149 11
609 79
503 96
288 35
860 18
933 79
513 68
829 97
449 93
123 61
508 65
182 10
965 89
883 41
234 23
647 75
603 97
124 71
287 56
183 43
926 78
572 100
766 30
266 97
279 64
181 25
253 45
142 65
159 88
434 45
338 25
219 65
500 20
277 27
258 59
769 34
967 80
341 83
754 47
109 99
938 84
647 74
196 62
391 89
956 74
911 16
808 49
394 61
158 29
518 96
831 92
324 86
375 16
440 65
304 56
860 17
685 41
901 37
516 76
526 55
893 61
411 17
806 66
778 21
819 100
484 61
173 22
337 38
806 85
217 19
597 81
553 82
277 13
391 79
240 86
237 62
575 28
170 26
876 26
824 35
896 25
200 80
125 82
988 61
687 88
988 20
727 61
282 95
624 16
886 66
334 28
341 23
289 71
349 79
468 23
696 49
135 14
171 64
128 26
732 88
660 69
148 19
731 29
676 71
609 48
781 89
765 28
135 96
687 40
807 63
843 51
309 25
355 54
704 70
101 27
348 87
136 16
607 78
455 18
378 75
637 45
128 63
971 61
748 53
622 56
858 79
997 100
783 90
610 18
942 41
500 74
548 28
847 79
309 41
554 37
611 17
275 19
837 33
553 86
350 73
794 96
526 33
537 25
340 45
905 23
287 52
855 36
710 64
870 10
515 65
735 34
714 48
375 70
114 27
898 59
500 47
414 89
455 27
684 40
761 51
649 30
749 87
595 45
931 18
830 87
398 92
244 78
810 37
394 43
332 62
756 44
467 11
102 69
288 95
949 28
964 58
469 50
718 38
866 31
940 91
368 65
213 61
392 49
293 13
917 66
273 37
510 80
538 13
840 91
460 27
482 37
255 84
732 51
277 55
859 27
413 45
964 40
867 13
265 89
591 87
211 14
707 77
732 21
674 38
635 54
212 51
214 64
325 57
874 10
264 48
342 89
977 15
965 58
137 94
968 66
340 82
196 33
147 21
999 11
536 46
556 38
760 92
915 38
852 48
443 71
578 45
356 15
323 19
507 47
823 34
859 52
595 35
977 40
155 50
614 13
334 100
975 58
155 71
664 15
834 31
661 53
687 24
627 98
835 99
373 31
568 28
636 40
375 70
519 12
666 26
368 12
597 76
838 67
285 46
987 92
476 28
171 78
531 90
410 93
912 86
292 37
1000 70
977 27
972 82
150 74
117 60
392 12
907 74
172 51
544 55
466 49
611 56
740 80
948 89
491 13
109 47
563 63
423 43
152 27
678 99
771 49
476 39
511 67
344 44
952 97
508 75
787 26
791 95
287 83
976 65
722 39
186 58
278 11
637 82
770 34
108 83
946 36
187 100
902 61
994 76
282 99
326 38
712 16
682 66
672 56
678 99
271 45
647 21
369 37
833 25
943 82
287 65
190 16
577 59
552 22
698 52
557 70
872 74
908 26
322 91
458 93
650 93
252 39
123 32
576 58
693 71
430 30
482 94
217 71
624 95
322 25
372 65
835 50
569 58
118 94
864 68
620 84
986 92
791 69
334 60
886 34
490 75
237 70
965 18
872 67
763 22
750 99
275 41
434 54
238 25
981 12
255 90
760 70
334 44
988 73
892 97
148 11
581 91
711 18
826 28
509 51
959 53
397 36
988 46
572 58
493 37
947 82
620 11
529 19
442 62
637 76
428 46
158 29
491 96
832 82
906 99
635 65
335 56
400 94
100 76
255 96
600 79
645 34
628 71
615 13
610 53
494 31
417 10
267 32
387 98
816 44
326 34
510 75
766 77
956 11
106 44
357 99
606 71
865 67
444 56
761 48
262 69
636 53
415 66
927 80
589 67
745 86
143 11
138 98
543 26
106 78
775 21
903 78
249 55
310 55
394 92
635 93
668 32
108 47
154 75
451 16
499 61
154 16
136 97
934 76
457 46
181 15
947 51
184 48
962 57
310 50
791 10
321 66
668 76
711 24
461 54
121 22
160 58
825 31
433 52
824 56
319 66
855 59
541 92
900 26
225 76
194 28
248 53
755 68
833 41
380 69
751 32
218 80
972 22
976 52
883 50
634 20
209 79
626 30
308 45
625 81
392 39
692 99
285 24
546 16
514 88
338 22
737 22
690 92
147 78
610 24
474 58
116 92
429 19
498 87
693 91
157 60
998 35
690 68
111 16
519 62
471 71
416 71
604 100
631 19
166 32
833 47
226 59
378 17
846 62
826 61
616 21
248 94
632 14
844 95
607 77
434 66
812 46
963 39
928 55
167 64
454 52
510 46
151 11
380 18
515 97
698 94
396 81
324 99
136 57
595 62
106 37
402 80
773 72
125 72
583 37
665 37
934 72
736 17
598 86
300 82
567 75
838 81
701 32
772 14
549 61
224 33
406 69
354 96
376 59
229 37
665 98
391 72
349 17
607 53
720 18
474 85
363 51
608 78
409 13
715 51
621 84
897 12
497 19
454 93
680 77
438 38
544 16
623 29
683 84
463 52
279 35
148 44
671 14
745 72
549 21
336 15
478 85
318 45
878 37
779 12
391 49
358 59
517 29
610 16
182 92
713 26
668 13
375 49
436 62
987 82
180 38
488 77
221 33
866 69
130 73
111 61
369 51
830 53
890 84
803 51
633 19
266 70
889 11
851 32
737 34
450 75
164 70
733 10
215 19
870 13
233 23
840 81
198 12
646 77
952 52
147 61
772 96
338 97
454 55
828 60
969 39
516 12
210 62
894 93
989 86
653 94
415 12
515 32
707 54
365 70
256 49
424 76
217 55
497 11
511 78
882 23
878 74
695 35
724 87
673 36
335 97
555 62
350 70
927 45
272 10
671 14
712 87
328 95
846 93
267 24
410 54
255 50
249 82
869 90
576 43
419 30
757 44
584 40
933 31
891 70
791 56
632 44
346 86
368 25
372 60
772 91
832 45
471 49
397 47
668 36
199 12
749 77
924 83
764 93
441 99
930 69
638 35
713 37
680 74
729 44
268 15
381 36
419 44
334 97
462 26
488 40
776 11
598 17
676 51
354 60
742 74
792 39
683 87
709 84
409 52
911 22
995 28
880 61
264 40
588 28
867 24
296 31
542 32
320 88
386 98
209 75
279 87
703 88
983 89
743 24
792 93
144 30
698 55
191 96
141 76
315 33
551 65
308 79
248 93
652 64
484 14
171 71
911 40
344 54
629 36
100 18
817 74
839 13
436 29
877 26
940 45
671 77
841 36
912 19
581 59
368 74
777 95
162 16
155 24
484 78
386 36
943 79
896 44
251 28
428 63
727 39
525 10
684 59
830 85
475 48
692 36
429 54
545 76
660 33
847 23
856 72
836 15
557 70
704 57
177 32
864 57
281 50
333 10
171 73
173 48
817 55
470 90
257 29
774 83
673 78
528 44
939 34
