10000 9999
517 47
477 69
499 77
622 69
784 40
723 55
457 87
544 15
857 23
402 45
313 19
950 90
875 34
856 63
159 77
197 57
400 19
454 37
664 38
991 21
258 79
621 85
401 61
117 68
722 88
690 100
547 45
520 81
869 43
687 87
252 99
956 55
988 15
819 79
985 75
673 29
683 68
965 82
354 52
752 96
846 69
302 40
627 22
356 60
920 59
527 77
582 34
500 98
481 44
438 88
320 87
531 52
554 48
904 60
458 19
519 44
543 43
461 50
102 61
124 84
731 73
303 56
252 86
587 18
993 35
800 33
662 34
924 75
825 74
571 52
354 41
280 85
326 48
621 23
217 10
404 69
533 23
739 96
798 55
207 94
271 70
201 31
588 56
104 43
310 54
289 34
544 92
996 13
903 60
615 15
474 44
787 48
356 64
454 86
843 67
556 77
452 10
912 16
548 47
430 16
258 60
324 78
387 81
264 97
877 54
683 69
638 91
348 12
296 79
338 51
276 90
259 99
684 21
840 15
992 67
615 84
866 47
499 32
173 35
865 92
696 66
290 81
688 62
114 27
515 28
525 61
962 81
877 29
243 42
591 83
340 96
329 15
445 80
534 15
313 78
671 75
822 32
333 26
877 54
690 48
731 77
603 35
375 31
416 16
666 19
414 24
403 27
163 19
422 28
112 77
573 75
936 54
153 75
506 69
728 89
558 42
659 81
865 30
857 67
350 60
104 94
701 32
392 86
516 94
203 58
284 88
634 100
695 35
543 91
228 100
331 81
311 25
884 91
907 62
888 96
348 53
407 34
933 62
242 31
264 82
770 92
148 37
750 26
173 89
476 90
395 12
632 64
838 93
322 86
465 93
838 27
316 50
358 94
680 39
633 11
362 13
297 99
551 62
595 87
937 78
395 83
728 74
193 19
370 57
731 98
653 60
145 80
370 51
282 69
581 75
201 35
528 88
521 44
341 74
439 93
674 20
632 47
580 40
862 92
112 69
646 94
426 70
938 39
960 29
318 25
554 49
206 29
740 79
263 68
694 80
980 10
911 50
946 61
586 97
632 23
917 11
418 33
896 92
177 91
495 97
108 12
610 100
193 13
227 25
104 23
106 90
247 41
466 45
677 46
845 72
282 10
501 54
713 12
353 32
672 88
910 70
154 80
280 80
767 44
864 98
785 44
151 56
453 43
337 61
917 38
788 49
1000 35
254 78
979 25
927 39
928 38
168 21
369 72
762 83
740 78
734 44
294 88
948 40
635 50
104 68
257 29
184 19
288 65
979 79
880 41
461 69
944 67
942 61
715 15
456 40
468 81
933 98
511 19
876 29
229 73
832 85
799 97
896 12
438 19
657 36
623 66
852 15
263 30
770 27
896 13
473 49
844 95
955 60
276 64
300 98
473 68
558 46
173 92
977 34
155 78
226 86
532 60
340 61
428 12
320 58
533 61
689 25
915 61
317 70
351 18
583 29
220 13
292 46
675 26
690 31
880 30
444 15
696 52
403 69
273 49
410 97
965 20
286 56
378 45
160 35
215 63
976 54
186 52
355 35
624 60
761 33
345 14
601 72
728 63
921 88
129 94
722 75
446 89
816 47
289 96
178 14
253 23
271 56
999 17
543 58
303 12
395 98
339 80
152 58
703 43
129 50
170 38
505 24
942 87
180 51
573 98
961 75
726 88
728 44
681 60
648 49
676 88
346 71
373 100
281 81
864 76
828 35
392 20
316 48
645 98
849 27
982 20
928 50
320 21
687 16
199 99
758 63
689 18
732 52
647 28
526 94
916 42
991 87
793 30
353 36
760 63
258 33
509 65
506 22
654 79
951 23
461 82
914 70
100 94
170 10
916 95
427 42
540 82
583 68
956 36
352 42
435 39
530 28
806 33
717 13
554 30
943 40
587 47
341 62
504 95
677 49
525 65
709 85
838 10
212 68
685 45
297 41
991 97
165 15
278 54
488 76
619 80
446 24
952 78
815 97
844 32
483 84
861 96
330 33
371 17
979 88
894 84
481 47
154 18
320 39
780 15
197 52
588 70
452 46
324 86
976 49
944 49
636 42
208 50
210 88
657 46
404 55
753 14
951 71
829 30
827 20
899 98
152 13
804 52
501 93
600 92
574 93
237 79
196 65
837 70
908 88
150 85
928 99
1000 64
331 27
914 13
585 43
373 70
496 41
378 30
118 49
441 13
867 51
181 12
619 27
546 71
454 37
845 38
943 55
528 42
107 35
818 70
160 29
687 60
953 26
530 42
673 55
642 77
993 83
467 30
548 77
415 86
482 74
240 20
871 83
589 34
438 72
988 79
673 78
396 61
799 67
347 70
806 22
472 91
247 83
386 54
454 66
288 87
217 79
507 41
172 35
199 34
215 27
653 50
793 21
249 46
223 75
859 65
188 74
346 20
771 41
990 25
433 94
178 52
889 32
811 16
124 11
201 51
241 83
337 16
366 96
962 50
984 75
722 48
256 56
995 91
701 75
299 31
791 44
871 14
660 64
970 93
847 35
417 29
123 64
774 59
188 83
109 77
724 77
193 14
527 43
193 97
235 82
374 11
385 13
323 71
706 12
973 75
393 88
788 82
306 71
999 64
120 25
959 56
795 44
356 42
595 34
451 27
340 31
587 20
199 89
599 84
905 10
663 30
710 40
657 18
508 80
336 74
197 99
560 32
602 29
993 37
120 82
609 20
249 51
491 24
620 94
379 56
632 67
760 15
589 49
572 26
773 97
550 76
985 100
488 32
918 50
742 63
136 85
869 61
226 99
679 24
901 33
629 18
591 76
615 86
882 69
1000 63
327 11
602 11
462 35
902 13
351 42
441 83
546 54
639 54
595 96
519 53
171 99
360 96
774 92
723 73
559 16
776 14
176 86
226 75
854 72
886 34
200 55
709 27
965 13
559 28
702 76
401 97
707 94
568 41
556 75
447 53
553 94
757 30
662 46
150 37
401 81
140 20
720 17
968 62
683 62
713 56
492 73
577 99
333 96
450 94
693 21
342 40
366 73
276 18
779 69
448 63
169 24
710 88
443 51
851 91
950 99
166 21
946 10
465 95
332 46
685 93
515 23
420 40
472 22
337 42
825 47
280 25
195 85
576 70
265 51
413 13
165 77
779 33
657 79
216 27
135 10
243 85
513 58
490 70
518 35
903 50
627 24
468 55
133 53
968 26
804 85
307 81
778 57
186 89
626 93
287 38
937 48
462 50
764 72
727 14
369 39
366 81
568 33
352 71
696 42
585 60
298 75
403 96
851 11
827 98
503 93
932 28
623 22
926 42
412 49
307 80
822 80
762 88
566 27
762 47
624 47
964 16
701 32
746 26
870 86
833 73
733 20
899 76
407 100
979 83
746 18
870 14
828 89
731 68
676 75
564 35
696 88
761 72
759 26
711 51
457 10
777 20
647 89
898 75
490 74
132 92
348 18
131 70
376 11
266 80
377 45
717 92
885 36
514 55
952 29
667 78
651 31
268 90
369 71
972 23
866 72
323 98
251 82
638 54
964 37
243 54
900 12
592 90
274 20
653 73
114 27
104 71
655 60
969 89
773 22
499 33
854 45
810 92
467 40
972 85
131 42
489 39
931 33
229 51
421 52
166 31
805 46
407 27
850 94
813 72
901 55
779 45
285 36
757 10
574 55
384 17
643 80
384 78
887 35
734 23
343 24
833 91
487 94
532 62
248 51
945 52
441 31
922 67
431 97
232 73
515 14
831 41
865 54
812 21
826 88
739 63
731 28
673 56
914 88
749 77
948 25
559 36
425 56
206 79
139 14
263 27
138 70
990 86
420 68
402 35
519 39
638 83
608 38
397 61
152 96
635 54
341 55
559 72
277 25
335 31
858 12
310 79
997 51
192 90
402 67
734 18
433 52
102 37
951 18
806 29
902 94
302 63
415 27
989 72
465 100
136 36
546 16
632 41
835 28
372 60
790 79
997 24
308 38
709 94
851 45
229 36
805 58
698 42
304 40
725 64
210 76
680 20
974 30
621 68
876 40
771 40
441 92
910 64
362 87
796 95
486 26
906 74
969 51
694 90
966 35
416 39
373 65
186 90
989 16
344 99
539 84
132 65
709 51
746 27
633 22
697 25
363 30
596 16
733 51
896 97
897 83
243 22
166 20
363 10
571 63
972 12
860 62
710 12
285 47
592 37
124 83
129 77
527 15
416 13
235 51
254 34
706 73
604 45
413 41
249 56
903 52
797 69
545 11
992 37
729 38
769 82
541 34
731 55
105 55
665 20
323 38
562 18
628 61
120 65
835 31
341 82
403 58
423 36
105 71
431 48
820 86
285 44
870 13
896 24
881 86
648 59
339 58
370 31
872 11
737 28
231 83
194 32
330 82
196 71
650 71
331 58
503 53
762 30
605 43
983 50
824 52
713 92
496 89
229 97
545 52
851 63
666 19
446 66
493 67
689 14
574 53
750 14
259 99
838 53
124 88
987 25
465 18
882 43
316 70
409 11
492 18
241 14
491 87
585 22
954 23
471 82
251 60
615 62
229 33
629 35
667 38
894 52
530 50
915 91
586 65
711 78
734 40
906 98
853 79
309 56
264 40
379 52
168 67
508 53
917 12
620 24
356 36
369 30
368 93
262 18
956 30
563 39
492 28
460 98
331 38
484 96
196 28
955 70
316 52
968 94
182 61
213 22
712 26
349 89
350 28
424 23
841 56
650 45
917 47
555 57
923 42
721 50
508 19
191 90
154 65
331 39
288 93
137 96
574 77
455 44
134 13
142 32
160 60
100 87
455 21
642 11
837 23
783 46
298 30
147 92
777 75
400 18
871 99
521 93
351 32
565 87
762 16
193 34
995 88
298 17
477 63
841 100
347 25
372 45
431 16
544 57
690 96
394 84
182 44
186 22
408 65
422 74
910 79
997 89
727 39
464 29
364 83
803 23
371 72
619 19
238 30
576 18
878 71
240 57
826 41
410 65
941 57
784 51
225 73
674 24
864 94
921 96
877 83
475 86
667 52
989 32
434 40
856 92
127 57
135 49
195 35
513 42
742 14
430 31
652 57
397 55
693 78
160 52
767 46
618 85
524 49
781 94
250 82
396 67
604 62
960 51
337 89
366 54
510 32
275 29
754 96
732 54
640 82
142 81
701 39
757 92
486 45
291 86
846 24
457 85
220 66
745 20
262 70
439 74
185 91
135 95
713 68
216 80
720 30
619 13
654 44
472 76
628 61
734 54
589 84
338 35
813 93
212 46
310 97
217 94
510 30
273 35
976 87
976 53
491 12
572 43
430 40
392 56
168 25
437 71
397 45
941 37
557 77
331 84
154 74
952 75
959 72
587 31
606 33
688 39
856 85
393 52
254 92
753 83
314 16
557 19
792 79
543 10
570 91
245 57
626 48
108 14
217 91
649 31
872 63
350 16
464 76
900 55
423 38
682 43
554 12
604 73
324 41
706 63
693 98
911 95
776 56
641 87
690 87
293 91
420 11
801 62
756 70
643 77
590 17
613 83
111 20
214 60
418 51
742 29
759 72
477 78
526 55
846 11
830 52
112 74
212 44
281 72
603 84
234 47
868 75
229 67
277 100
213 72
480 88
769 76
183 85
813 33
703 37
109 83
567 96
216 49
306 62
630 30
634 26
596 17
839 11
134 40
373 67
368 66
258 35
696 23
162 35
823 95
557 46
135 92
852 37
127 48
843 13
285 31
665 58
901 53
964 95
280 80
331 13
315 47
891 52
348 56
494 35
859 72
471 51
206 12
353 79
121 92
443 36
352 62
658 15
384 10
740 23
952 84
208 23
755 64
122 41
854 36
785 87
994 57
344 98
332 23
112 76
307 60
249 34
249 78
815 74
744 38
400 64
999 50
857 31
332 66
115 71
850 14
572 37
522 52
638 90
856 81
745 24
871 57
603 75
678 59
188 54
124 49
350 28
150 33
636 77
591 96
539 14
361 33
508 86
107 51
313 56
523 99
796 75
985 58
435 46
713 33
417 44
468 35
758 61
839 90
699 82
631 98
315 97
825 92
374 25
296 67
931 96
347 72
520 80
645 58
706 48
199 53
845 76
232 94
745 55
651 87
190 76
511 76
256 69
314 48
569 29
562 50
725 100
275 46
294 21
306 43
892 77
260 56
311 82
437 36
862 65
434 70
796 64
773 53
109 40
824 31
733 38
826 12
660 92
708 10
391 18
630 50
627 67
144 18
360 89
582 23
561 22
972 29
830 31
549 35
482 89
676 54
394 31
613 67
834 59
251 37
419 18
671 92
784 48
237 59
940 48
612 35
910 15
342 39
406 60
743 32
301 81
627 59
805 10
920 81
232 12
201 10
298 13
403 52
256 99
286 29
405 98
663 71
710 12
862 21
130 76
660 98
206 97
135 51
376 37
158 40
474 77
301 66
146 85
861 21
981 57
727 21
346 58
493 51
890 78
558 45
250 95
873 47
709 47
707 63
158 85
438 38
344 82
766 79
513 28
208 87
375 38
414 20
565 29
392 42
559 53
330 78
510 32
633 78
981 59
209 20
985 16
856 31
716 21
127 15
410 55
102 54
515 30
641 68
148 92
155 95
144 44
434 72
839 63
531 32
408 11
976 59
156 88
444 37
568 52
161 84
392 22
375 100
427 17
748 53
292 89
282 75
472 37
846 96
756 34
962 89
874 66
629 85
608 61
379 66
965 34
877 73
781 73
615 55
852 68
154 55
670 35
998 41
113 67
707 21
865 97
740 34
289 70
470 33
627 96
160 55
542 50
871 28
603 86
990 69
340 46
211 24
397 61
723 100
442 58
492 97
101 29
439 39
194 98
702 20
476 95
370 34
128 95
553 37
903 48
625 67
413 25
957 98
406 96
787 34
239 66
600 64
824 59
388 54
582 98
371 34
557 63
770 50
575 76
693 60
752 64
832 62
519 32
231 98
211 88
268 91
616 97
841 49
647 54
744 84
412 90
412 81
387 58
479 39
152 96
800 12
521 74
668 91
881 87
369 42
708 35
901 60
646 95
732 59
123 91
348 17
482 82
420 13
875 35
744 84
829 70
841 56
481 15
775 47
399 70
818 10
118 59
281 53
748 60
733 62
675 19
782 93
934 22
950 79
365 18
303 76
688 53
668 90
565 60
544 19
679 88
940 86
975 49
497 85
827 15
452 98
100 94
725 70
883 49
187 29
270 16
191 84
700 39
643 59
168 21
283 48
444 65
224 19
490 84
469 84
660 28
949 47
135 81
618 46
137 100
857 97
947 79
940 66
399 27
131 99
377 44
574 41
469 23
308 83
237 73
500 78
980 47
300 91
830 79
752 69
419 80
775 87
631 18
342 16
735 24
194 55
508 99
934 27
818 57
259 63
935 15
937 82
976 45
195 23
852 85
880 71
300 53
367 95
901 82
951 50
993 26
268 51
704 58
323 31
665 27
795 24
274 48
865 31
934 18
938 21
123 75
560 62
479 85
661 76
715 58
611 20
887 40
229 73
737 39
642 22
946 81
241 13
451 12
696 58
252 93
708 38
507 44
564 92
938 71
405 83
401 68
687 78
590 51
814 22
604 24
162 90
992 52
509 53
991 54
840 66
124 43
567 33
556 32
811 20
255 53
304 28
109 10
108 84
637 97
494 36
778 59
213 15
984 34
387 67
352 22
461 21
332 16
487 43
220 39
887 68
547 15
901 42
424 90
396 28
224 49
121 36
673 38
102 36
375 31
334 59
382 19
569 52
417 79
879 80
408 29
601 22
602 38
465 67
675 37
695 51
712 54
245 80
709 12
708 95
637 96
263 41
893 23
342 24
297 38
618 23
712 38
874 89
577 75
588 73
953 36
249 15
673 52
242 41
564 58
855 54
374 86
596 27
682 19
891 16
985 90
663 27
180 78
493 69
389 23
546 10
648 44
809 11
814 32
150 42
970 37
248 90
441 15
532 96
358 24
565 31
714 96
463 67
896 30
618 62
658 33
461 99
340 46
271 33
430 21
676 28
660 94
189 34
951 64
531 92
184 28
449 47
809 17
423 97
719 95
977 26
567 96
627 84
183 25
244 89
556 68
176 60
941 83
557 31
992 58
621 87
306 11
577 14
267 22
217 36
211 22
743 72
480 99
287 94
764 57
224 68
730 33
680 37
843 57
151 55
595 89
794 74
805 82
726 53
191 68
162 64
424 19
439 11
124 82
117 50
956 80
562 95
274 19
778 72
823 49
272 48
849 72
722 10
996 29
658 39
335 91
201 11
110 15
351 19
380 76
425 91
198 66
526 39
152 61
134 76
281 54
630 14
120 35
423 12
718 83
845 29
965 70
576 43
546 69
691 75
341 32
499 32
462 71
239 25
835 27
980 27
447 44
647 87
134 91
734 78
328 22
854 42
215 88
197 13
787 93
930 28
689 61
589 94
439 63
589 85
967 57
347 34
972 49
647 98
737 29
331 25
416 35
171 77
181 99
163 75
235 60
671 16
573 15
833 96
814 57
842 22
348 14
145 37
290 28
154 11
915 17
560 85
370 90
408 89
737 81
953 40
266 77
224 16
484 48
144 30
689 56
376 32
877 58
806 82
641 15
156 38
899 44
139 100
475 43
500 92
624 56
838 32
686 37
222 22
214 45
388 66
646 55
600 88
275 70
635 11
708 47
613 57
856 37
581 63
904 21
797 61
266 41
605 87
933 37
283 53
971 76
920 97
242 42
998 27
111 28
134 88
239 73
152 37
467 38
908 82
618 84
660 28
576 97
225 81
307 34
429 75
359 96
565 18
382 77
378 86
124 34
338 97
800 65
678 54
155 36
900 25
532 48
350 17
216 41
820 17
448 53
163 65
144 51
146 45
959 61
210 76
401 84
638 53
546 14
181 52
201 74
931 51
493 37
495 51
233 87
708 43
805 65
130 49
927 12
168 24
776 13
948 58
293 20
309 46
342 69
622 23
582 55
692 40
423 22
684 58
898 10
726 94
117 80
913 79
274 99
185 81
623 32
482 69
678 64
959 99
581 24
329 52
765 21
861 33
886 43
352 40
825 52
626 87
958 41
428 67
900 83
823 81
967 99
328 20
355 41
565 34
847 27
868 57
544 90
427 87
916 41
819 18
217 22
607 79
260 15
496 42
389 17
153 20
239 63
778 43
886 63
425 29
654 27
792 79
729 56
953 58
989 46
806 66
991 92
422 71
890 32
205 37
780 73
736 12
733 26
440 99
473 37
668 14
345 27
250 82
512 46
589 52
245 61
894 57
690 90
758 39
650 49
813 96
636 38
613 12
382 79
516 72
153 47
964 72
812 30
937 45
730 51
183 28
335 85
276 13
344 25
925 89
561 83
324 66
518 18
935 95
636 37
536 34
416 78
437 10
547 73
797 96
559 73
371 17
983 31
133 66
880 41
534 49
777 27
166 51
377 100
421 15
763 76
667 20
793 49
562 44
711 83
827 59
678 78
947 40
310 10
193 99
409 91
209 33
485 45
457 44
121 31
444 25
568 46
277 40
546 75
234 29
457 54
104 92
304 71
241 73
814 38
637 76
504 21
598 95
914 86
109 98
839 11
381 83
423 54
920 11
603 57
649 63
650 36
278 45
633 12
725 94
558 25
783 83
320 24
772 99
230 30
771 97
687 71
790 23
168 11
242 98
395 64
421 46
636 88
405 49
936 51
212 96
964 42
433 29
614 39
456 71
753 64
682 69
318 11
666 98
461 23
215 85
980 87
443 89
786 98
295 64
493 85
397 70
947 55
891 93
392 13
359 91
983 16
837 10
952 51
609 38
455 68
781 77
274 60
764 95
254 45
119 41
649 57
497 46
885 46
509 70
659 75
640 51
465 95
562 87
727 75
444 79
770 71
519 13
845 42
474 48
976 60
829 46
313 53
382 82
404 37
906 18
807 95
332 96
780 26
907 22
516 86
390 95
698 60
901 80
188 18
524 78
590 22
436 74
226 93
809 59
610 82
256 15
637 46
622 42
564 96
654 38
397 16
404 21
967 16
560 88
449 17
121 67
707 37
511 17
869 18
929 58
443 33
653 82
119 88
585 33
706 85
873 81
439 28
756 12
306 95
552 92
606 42
619 100
336 34
929 26
644 39
992 49
822 84
833 77
556 39
191 32
918 83
619 27
374 16
769 29
548 49
894 17
292 73
875 92
520 90
930 56
316 84
990 60
456 38
617 76
223 97
198 36
891 82
523 31
156 22
719 75
248 29
505 10
816 26
504 30
831 79
922 83
168 68
553 93
496 78
707 81
771 32
463 86
955 74
121 35
419 73
319 46
959 76
447 16
587 18
111 96
396 52
637 10
272 12
266 43
790 91
247 32
140 59
799 99
302 79
671 40
895 92
360 97
646 26
574 63
155 34
420 30
850 40
795 71
661 48
904 29
829 43
235 76
512 56
851 28
306 64
586 95
895 47
437 20
518 35
616 46
764 57
381 71
150 57
137 40
971 38
477 89
157 72
879 100
504 61
247 45
798 77
855 63
615 96
410 28
167 78
129 19
686 24
394 26
481 100
425 97
201 81
235 77
872 100
377 18
590 61
551 90
544 10
508 85
374 31
932 63
188 57
604 44
218 38
247 96
253 50
875 77
700 16
974 67
516 11
800 10
369 85
143 69
551 49
558 25
573 70
595 87
330 46
465 79
310 96
514 18
978 85
983 49
568 51
219 43
605 58
333 67
552 10
198 14
305 94
147 62
652 84
802 99
599 57
613 61
657 56
881 99
996 93
164 49
939 28
787 46
846 77
211 68
277 79
626 51
786 74
1000 88
951 83
725 16
921 60
692 24
347 14
204 16
611 62
374 20
223 38
794 90
785 20
387 46
588 46
739 65
392 13
896 23
456 77
649 89
223 21
645 88
793 47
299 90
603 80
328 64
197 26
914 28
346 57
847 70
159 15
590 28
455 29
312 46
718 90
969 33
458 93
967 94
139 99
802 15
106 70
393 96
998 30
652 38
516 26
256 12
948 80
715 30
881 69
864 43
758 78
302 73
215 72
356 43
208 76
283 53
711 48
754 13
717 64
576 16
230 90
993 57
353 18
628 38
527 60
754 55
344 52
576 12
628 74
264 50
545 31
993 45
404 27
846 57
928 44
479 12
241 65
428 84
840 56
916 77
357 30
678 83
117 75
325 25
462 90
468 65
383 12
371 12
192 46
424 44
402 60
859 69
202 24
572 73
901 25
575 57
142 30
646 87
524 56
712 18
100 78
273 45
858 71
152 14
275 39
993 40
456 10
539 83
958 100
558 61
388 66
812 77
895 51
318 94
847 70
313 54
489 43
891 67
360 90
113 13
594 23
653 77
470 18
793 37
397 96
767 31
912 58
418 78
529 86
122 62
145 40
439 55
884 86
596 11
228 10
186 79
672 79
674 80
101 73
300 45
531 20
295 65
209 69
280 18
349 16
561 77
200 16
535 97
296 94
113 69
581 72
199 42
442 71
962 79
212 44
686 94
591 38
173 88
536 65
392 58
763 18
379 75
729 24
167 82
872 30
856 31
240 85
799 10
330 48
254 14
396 60
363 32
244 26
515 52
716 78
271 54
599 49
831 34
237 73
469 24
687 19
447 54
252 96
474 92
560 18
195 20
732 65
326 47
127 70
597 91
490 52
815 57
860 98
692 16
411 94
143 31
399 53
835 93
486 14
432 24
185 48
355 21
505 55
113 82
924 29
492 53
551 32
383 51
662 42
133 43
454 87
212 46
557 29
858 69
836 94
812 70
803 15
241 47
488 23
352 75
562 28
522 15
475 93
587 95
250 90
750 34
298 89
210 35
204 74
483 40
584 42
347 51
891 27
818 29
276 27
125 66
209 11
441 29
542 65
453 37
770 76
373 48
431 94
538 25
657 95
132 16
408 79
380 88
385 40
416 27
756 11
642 21
912 27
603 77
884 46
538 64
673 72
648 25
700 81
386 40
155 15
862 96
307 12
571 89
824 10
182 59
529 31
885 12
221 72
190 19
389 54
263 10
868 86
480 57
557 81
998 56
553 55
507 17
666 16
777 72
922 30
330 29
383 28
665 46
590 86
216 90
538 94
353 15
353 46
850 94
543 14
242 31
124 45
142 80
695 74
266 39
728 41
711 46
109 43
187 26
126 60
719 38
316 76
948 67
159 46
493 57
283 46
767 26
908 40
415 63
369 93
534 92
238 95
199 12
846 62
552 44
545 43
833 85
365 18
597 64
776 94
893 91
247 36
347 91
481 37
611 65
282 14
536 39
312 46
349 92
478 54
722 38
886 58
438 59
692 55
395 15
188 95
130 77
213 38
806 63
852 19
701 65
787 61
663 20
449 99
588 57
218 63
940 29
195 84
453 32
512 50
165 31
336 42
803 92
622 94
672 82
346 57
758 50
864 43
924 17
936 58
284 25
187 46
523 51
684 42
600 15
180 87
603 31
244 71
605 14
800 37
552 53
704 36
599 30
475 32
503 88
719 78
390 34
481 71
385 75
921 57
300 63
924 100
959 23
528 28
522 92
993 59
353 47
425 68
923 85
501 68
286 59
1000 97
754 78
904 26
864 37
435 99
819 65
708 87
339 74
591 48
148 59
311 16
552 78
619 12
701 88
811 91
428 42
712 31
164 27
181 65
585 17
319 95
945 59
142 77
281 73
352 77
978 30
425 27
133 22
452 27
692 33
963 15
677 13
176 36
421 78
911 74
758 17
459 28
527 55
798 88
957 37
721 51
480 33
646 19
233 59
936 84
591 72
298 95
409 44
475 40
618 92
121 16
317 83
158 80
177 15
794 49
186 56
961 51
198 50
463 58
880 21
980 76
342 19
135 53
337 66
862 29
976 52
351 66
686 98
902 26
318 37
573 65
872 79
955 59
603 77
669 69
341 100
884 33
288 97
258 78
587 14
915 98
620 69
222 80
200 81
619 53
782 37
231 54
299 32
407 19
413 82
129 12
384 69
560 38
100 47
534 30
324 32
980 87
609 85
244 67
895 28
103 47
973 12
398 98
142 35
240 46
714 73
393 71
664 71
152 82
809 99
124 20
421 28
630 49
338 95
539 34
816 88
343 45
563 21
224 63
552 73
382 17
200 43
434 63
734 61
469 17
996 66
206 34
231 21
852 50
162 67
421 56
307 81
175 20
786 76
988 84
495 11
916 99
641 59
480 58
615 82
906 59
761 42
399 19
380 52
729 58
332 35
744 37
724 79
629 81
702 95
525 93
834 46
559 73
761 30
554 13
696 22
940 12
233 13
738 89
382 67
526 80
409 68
225 87
711 13
539 79
519 11
825 44
442 76
579 33
853 76
339 77
530 56
548 51
323 55
127 97
654 78
783 44
627 84
685 57
988 15
598 24
943 23
481 78
991 20
285 26
838 24
175 14
357 65
742 92
986 19
720 17
398 29
551 44
411 19
221 14
458 38
772 76
772 75
955 93
612 10
305 68
364 49
536 94
216 35
375 45
471 99
452 56
202 13
749 69
768 42
666 95
703 40
172 56
848 79
662 23
818 20
969 12
937 52
631 30
535 15
346 31
924 62
767 62
724 72
614 60
528 36
535 81
746 28
336 49
747 33
689 33
401 91
132 52
451 91
779 16
242 16
335 65
545 62
695 13
431 16
497 18
878 36
744 21
916 19
149 33
356 66
872 98
786 45
627 53
204 39
854 13
348 52
700 63
472 74
270 79
822 15
243 38
764 45
496 94
248 39
661 77
437 75
164 88
767 44
369 58
678 94
277 39
265 24
795 11
926 87
113 20
174 75
690 64
259 64
765 85
551 89
481 29
829 59
407 30
604 30
334 14
240 69
696 70
766 55
593 52
576 24
215 59
404 95
356 88
959 11
687 37
136 67
482 15
916 16
928 84
721 80
975 20
987 22
909 17
936 98
278 53
869 69
616 18
265 65
325 22
704 81
974 68
789 87
750 28
152 72
559 47
649 27
982 73
713 67
621 97
427 100
411 84
877 26
801 73
504 73
303 74
546 99
634 79
243 20
785 53
259 62
652 28
578 85
914 89
939 21
249 26
517 32
584 52
820 26
978 80
952 81
552 67
232 89
101 22
275 19
364 67
451 72
326 72
454 70
668 48
824 82
272 31
788 15
725 73
487 92
884 82
488 32
737 13
398 49
545 26
726 62
108 59
248 10
465 56
425 87
466 72
769 56
712 17
585 91
918 48
794 21
399 28
695 87
486 45
631 25
701 73
285 54
953 83
298 71
859 43
630 76
201 31
987 35
719 97
235 44
654 91
666 98
668 85
683 83
426 45
769 98
824 93
721 61
961 39
111 31
559 82
690 42
545 46
944 38
994 66
604 12
388 89
432 16
344 81
486 99
770 21
773 62
462 70
896 53
362 55
195 77
974 61
700 67
539 55
454 63
894 53
486 44
489 88
452 95
391 71
250 99
158 67
863 67
949 38
875 97
839 79
427 100
840 23
356 93
535 70
104 77
595 97
167 97
625 73
100 31
896 26
662 97
840 23
452 53
268 43
667 77
177 98
410 16
650 23
558 67
308 87
263 29
836 28
210 28
209 23
809 95
952 25
494 49
335 26
395 82
991 86
583 30
914 32
695 57
530 60
657 85
914 87
850 95
683 78
189 96
410 91
697 19
427 77
388 26
678 81
418 28
797 13
538 81
893 59
819 85
613 95
427 74
115 48
480 100
587 78
327 15
194 37
377 27
131 87
281 96
792 82
690 12
546 54
768 12
209 88
156 68
395 80
563 13
586 98
597 12
189 24
319 11
448 38
674 83
319 99
861 91
855 75
858 59
387 96
731 90
179 13
783 37
842 62
197 85
720 42
632 11
448 29
212 80
649 57
568 59
889 83
396 98
958 94
599 89
124 19
271 52
215 93
449 87
915 27
811 73
903 27
103 70
764 19
431 39
886 64
533 95
611 35
794 71
995 83
438 41
856 61
739 30
812 33
994 99
920 55
457 85
447 34
137 78
742 19
347 31
621 84
968 71
246 53
396 15
146 11
944 81
536 72
751 20
768 97
482 76
940 22
666 80
192 57
694 69
656 53
277 64
461 74
594 75
354 10
865 62
217 80
467 10
960 30
656 26
788 22
111 57
583 72
684 85
294 32
770 31
612 82
543 90
986 73
778 92
433 21
265 78
609 75
319 79
806 38
677 20
956 11
422 14
103 50
164 11
991 50
434 47
112 85
715 80
186 27
682 83
454 84
880 78
177 84
490 99
919 90
783 51
987 20
887 47
439 25
336 40
486 69
142 18
724 66
922 49
533 82
116 69
518 84
362 86
435 89
769 98
805 13
349 72
132 65
821 13
527 18
807 31
787 24
495 11
150 79
995 42
938 39
486 41
778 40
336 39
967 92
681 66
784 79
707 57
468 73
431 11
760 48
206 29
983 14
573 66
214 44
302 86
214 76
731 74
256 76
366 20
864 97
998 78
580 24
889 82
788 87
347 12
386 56
693 52
162 49
281 65
164 69
658 53
724 96
570 36
112 77
307 66
355 55
477 18
587 27
656 39
615 39
673 25
207 90
636 32
431 27
338 73
519 17
182 73
390 59
961 12
934 18
850 69
921 33
666 56
814 44
562 38
341 32
484 92
374 59
684 52
766 68
109 29
469 81
371 42
434 77
395 30
755 85
815 72
821 97
816 31
570 63
444 39
897 68
682 68
764 16
836 51
208 92
187 78
487 22
568 96
259 99
105 36
547 68
871 87
905 88
174 93
568 11
792 86
860 12
258 79
829 47
301 78
191 92
803 27
720 99
910 89
249 29
560 95
463 61
126 20
932 14
832 61
819 56
140 81
908 38
990 88
411 21
938 71
452 62
207 57
318 13
469 22
673 41
154 88
198 66
342 27
321 72
763 84
138 17
726 74
803 71
267 24
894 89
212 15
760 41
141 16
195 85
681 70
256 99
157 12
530 16
286 80
429 12
103 60
697 60
214 14
304 10
337 20
924 89
107 50
899 61
710 69
380 48
219 47
618 95
281 74
332 76
846 56
921 47
330 82
338 77
503 15
858 98
487 19
600 17
933 59
273 81
748 60
238 63
688 90
851 11
285 32
767 85
683 96
897 84
689 14
859 80
164 54
746 48
108 32
719 20
940 40
671 80
242 42
331 17
335 70
669 66
665 83
466 90
622 31
134 71
692 97
216 13
696 12
109 52
761 39
983 59
282 36
930 41
980 90
773 99
949 75
356 49
728 24
137 32
147 72
901 41
678 90
950 28
427 39
432 67
186 40
423 83
188 22
846 57
953 64
239 12
798 31
730 26
847 15
306 70
946 41
543 54
152 29
215 23
241 37
766 63
331 24
330 28
551 26
968 38
340 87
122 68
408 31
896 14
706 77
189 51
154 29
235 86
597 28
411 72
462 54
106 99
708 36
459 52
256 26
315 15
755 58
410 30
541 47
645 100
349 50
988 16
376 93
229 89
401 17
501 52
517 44
620 52
798 58
453 61
1000 87
917 44
808 86
558 37
751 95
350 26
707 36
191 48
622 31
605 23
407 23
595 88
446 34
303 77
400 38
414 82
781 66
149 57
797 93
937 57
778 72
138 17
534 78
715 60
879 87
252 68
828 71
112 13
974 46
744 81
378 33
713 57
622 91
375 67
523 54
739 67
815 61
175 99
801 38
177 42
430 88
523 41
660 35
803 16
974 56
564 14
192 32
371 22
212 55
106 37
874 39
190 78
521 59
746 77
633 51
623 14
914 63
589 13
877 100
761 56
304 39
520 95
917 41
787 100
198 98
596 32
146 98
217 18
751 47
976 66
155 18
615 96
603 42
601 81
190 36
374 68
668 20
785 15
623 17
574 83
245 58
813 88
851 88
450 76
702 65
980 12
758 60
599 15
113 88
501 100
292 37
248 13
214 57
471 64
770 46
553 99
111 62
669 24
883 65
327 84
638 18
403 63
857 35
648 25
771 21
468 26
153 41
280 29
106 25
568 39
389 64
937 53
305 19
733 51
690 44
681 79
282 62
318 54
651 48
270 15
745 39
951 30
884 95
670 79
447 79
488 26
447 82
892 57
563 56
955 31
229 50
834 68
780 58
791 41
569 80
316 78
362 70
886 92
738 64
884 66
722 72
984 60
617 29
444 76
118 19
892 35
730 98
153 99
171 46
588 25
568 36
684 59
477 44
827 66
397 74
770 63
381 75
139 28
778 67
402 19
152 45
162 24
986 62
299 53
791 41
112 30
797 62
922 36
769 46
562 16
933 87
184 47
831 46
855 89
983 73
568 80
937 32
217 16
121 12
834 65
104 40
753 55
605 54
525 44
778 74
170 35
990 62
919 68
776 88
887 36
161 35
137 79
278 68
800 93
619 87
566 61
845 70
423 100
968 18
454 94
322 82
955 85
350 40
859 93
995 26
679 92
236 83
719 83
460 25
379 48
866 17
751 91
117 72
411 89
344 72
295 79
427 74
998 83
672 65
500 22
889 71
670 85
581 79
963 80
560 24
733 78
123 64
418 73
145 60
503 30
832 41
527 34
571 73
759 41
559 56
114 45
396 30
825 59
752 96
615 95
339 87
109 58
168 96
936 80
586 10
393 56
708 51
523 22
236 71
475 19
149 37
835 25
385 49
576 96
562 81
778 15
714 22
599 43
247 80
960 36
457 93
782 32
408 25
610 72
494 33
349 44
960 84
925 21
206 94
818 72
986 58
938 68
851 74
121 67
253 51
233 58
926 42
947 17
567 50
900 54
584 61
852 18
471 75
556 99
674 61
608 54
818 15
500 59
466 79
577 89
340 26
613 83
568 91
279 16
955 96
150 57
163 34
320 89
635 79
551 19
576 80
281 100
363 74
835 84
187 44
898 44
221 47
447 73
498 87
985 100
786 75
553 86
816 71
179 65
118 80
477 21
918 83
729 30
705 27
794 37
346 83
324 27
213 15
530 29
348 90
747 64
167 69
267 44
409 30
474 75
186 51
128 44
498 90
904 90
623 74
200 19
891 23
264 44
718 12
469 58
627 33
471 53
138 52
802 16
694 83
922 16
207 24
278 76
923 76
596 29
237 51
774 19
967 99
157 36
531 46
733 70
419 82
656 40
955 44
122 37
263 41
370 36
496 29
909 27
937 54
844 67
892 50
592 13
806 39
979 15
882 100
787 31
936 53
877 18
794 16
982 91
958 80
567 52
567 76
745 90
616 47
503 91
798 20
459 23
245 50
566 41
558 99
625 100
869 25
569 57
534 37
979 97
804 14
385 87
489 54
262 20
262 12
116 28
206 75
272 80
347 47
636 48
222 82
240 90
746 60
738 15
276 99
942 61
737 63
972 87
438 10
812 89
401 89
208 18
867 66
405 43
377 48
300 10
627 14
895 44
159 34
318 45
782 57
573 32
879 70
769 74
411 35
159 76
515 22
824 74
978 16
739 75
941 33
619 27
402 74
181 73
255 78
231 80
899 28
893 77
108 61
541 41
753 91
719 26
547 89
204 59
408 87
867 22
949 19
857 86
823 87
904 46
827 95
855 64
667 70
722 64
458 60
921 55
321 15
627 100
386 92
159 51
837 86
482 77
930 70
245 27
116 86
691 56
687 62
612 60
437 41
658 70
744 27
968 80
412 64
377 76
204 92
620 85
388 14
618 23
847 90
185 100
124 87
540 58
813 96
145 85
577 99
874 73
146 54
374 93
168 80
263 42
630 58
384 84
379 89
741 88
811 46
172 43
501 34
134 49
675 42
494 54
887 21
120 72
775 17
245 84
565 28
786 54
540 64
536 15
354 33
295 29
385 24
739 30
951 69
996 46
922 47
522 32
981 60
513 66
624 52
659 10
239 52
403 13
381 97
131 69
866 28
289 35
725 28
238 72
908 100
845 16
294 67
933 66
939 54
620 88
385 89
200 41
534 33
647 10
319 56
474 59
803 89
986 39
810 14
531 87
574 10
789 51
745 61
355 94
108 34
790 81
939 99
582 99
970 38
897 56
592 35
927 94
805 48
964 12
841 41
122 77
296 63
886 71
892 94
232 100
823 95
338 73
326 76
924 83
410 36
150 95
955 29
764 52
995 58
419 97
807 97
474 74
742 83
156 19
445 36
992 62
613 16
260 83
392 31
795 29
493 36
213 88
562 97
270 82
747 24
106 72
638 89
885 85
403 38
664 91
171 87
110 77
488 20
472 35
211 18
594 57
649 51
460 35
613 68
577 30
798 18
510 80
489 31
215 97
583 81
649 50
312 38
638 51
254 28
363 51
869 90
757 56
497 100
270 30
368 21
238 46
935 26
249 98
684 51
513 37
477 58
603 93
851 58
622 25
127 58
653 64
448 99
696 35
633 68
421 41
426 33
468 17
311 58
908 54
704 60
985 50
281 45
753 52
722 40
292 96
244 17
623 66
268 41
866 17
405 87
422 37
515 67
364 20
267 39
608 51
698 16
167 16
135 54
329 58
246 60
315 63
907 78
751 88
418 82
536 70
521 45
580 12
421 95
696 90
839 93
196 54
717 40
169 82
162 14
423 94
930 67
364 76
107 84
173 93
578 58
151 73
648 98
966 18
973 61
692 53
906 47
620 31
422 83
694 45
330 23
969 78
997 75
667 57
745 47
154 92
493 84
573 72
683 69
212 21
899 21
191 74
246 15
618 35
735 76
112 37
668 43
371 24
165 97
900 36
797 35
458 21
957 81
538 43
273 61
884 100
445 57
880 63
597 42
682 83
992 28
919 96
262 60
140 37
981 38
715 37
218 17
660 97
638 34
255 29
780 62
735 34
774 43
377 85
218 32
687 28
115 10
746 80
707 59
516 28
777 54
596 57
646 25
111 58
168 72
640 37
729 95
206 55
554 16
179 61
411 86
958 64
200 93
787 17
802 45
788 94
655 48
244 30
940 80
115 10
295 31
337 58
447 35
373 87
449 24
608 11
736 33
270 78
230 100
883 20
658 72
433 35
581 85
390 98
905 92
100 87
313 32
937 80
964 98
403 88
589 19
987 30
328 92
287 24
823 62
118 30
828 81
429 41
141 64
969 77
551 51
365 14
496 85
991 93
750 59
629 18
656 94
950 28
193 75
540 88
281 66
345 84
959 13
964 37
970 50
466 52
908 85
573 87
627 25
467 88
637 68
413 67
817 39
518 77
816 97
975 64
663 76
495 89
299 21
469 38
173 24
362 86
454 77
541 59
731 91
956 48
203 49
816 90
618 50
506 37
647 98
429 71
624 68
353 18
729 63
838 54
914 58
891 63
721 51
411 51
111 36
234 20
537 11
502 74
640 36
264 30
925 38
904 53
712 74
632 37
858 57
737 90
213 32
561 97
447 48
381 31
697 95
741 55
498 15
531 57
557 43
536 39
542 69
185 19
421 49
942 59
366 40
742 99
113 29
922 97
997 18
238 73
875 85
173 15
728 81
308 38
987 100
127 38
815 77
466 66
161 88
776 53
170 29
961 51
537 51
540 65
776 40
899 19
780 26
865 50
656 37
992 16
180 86
704 29
636 13
569 92
771 24
718 56
432 10
776 32
554 58
483 59
851 66
126 23
123 77
415 20
938 84
519 84
781 45
569 44
509 70
204 56
428 100
768 66
369 73
709 24
216 69
393 40
365 25
560 53
254 46
516 57
384 60
287 21
852 13
699 24
209 52
401 42
260 54
497 12
386 61
175 23
235 40
282 99
166 34
854 57
965 83
144 39
850 81
875 31
521 48
934 20
266 55
762 96
985 32
512 63
251 68
409 69
332 77
596 68
757 64
483 10
128 84
127 99
165 55
811 11
277 13
195 37
177 41
501 89
586 45
122 56
579 13
127 67
478 64
524 65
642 65
810 33
707 84
675 45
860 37
197 22
486 27
630 70
993 81
300 22
866 16
283 47
159 28
559 75
818 32
325 23
361 93
271 20
801 44
331 42
617 64
294 73
642 27
934 61
442 39
685 31
506 82
455 34
372 24
355 46
745 46
502 37
414 89
173 55
952 41
219 100
393 94
456 76
859 23
588 13
242 34
217 73
854 10
475 99
312 59
818 41
384 35
495 10
575 14
938 34
300 91
728 26
744 14
810 40
236 17
577 98
239 85
130 58
656 21
526 61
191 17
907 33
507 70
528 42
854 100
535 57
211 12
974 81
511 21
529 20
420 61
531 15
865 68
138 57
484 54
981 83
787 80
500 33
488 80
715 40
701 96
769 79
575 93
519 42
478 51
523 54
951 16
781 30
401 18
128 18
198 99
517 10
555 78
600 34
432 54
419 47
237 14
793 10
248 32
498 71
919 92
402 65
927 43
820 60
899 57
563 84
171 71
822 21
808 22
439 75
797 23
833 94
936 15
453 98
863 86
449 21
611 45
658 63
766 63
571 89
640 17
717 29
779 91
997 23
743 42
491 17
718 85
324 28
310 79
748 55
259 93
827 93
918 88
259 52
464 12
121 22
244 50
380 56
955 36
929 44
199 63
841 14
727 21
507 59
607 43
682 99
1000 69
262 99
706 38
572 12
309 98
993 29
598 36
315 56
106 45
735 89
514 56
272 20
289 11
934 21
727 83
183 83
483 21
700 37
706 25
326 74
504 27
379 43
379 28
991 92
249 19
445 49
997 31
854 22
329 35
230 42
202 93
669 12
800 32
143 19
688 82
719 23
919 31
631 98
964 93
300 60
996 22
619 14
527 83
483 17
959 10
890 100
642 66
945 51
424 53
757 51
466 71
961 81
958 75
347 20
387 100
228 16
545 49
615 99
852 46
537 56
829 26
121 100
401 37
978 71
670 14
825 86
905 98
538 89
278 46
570 15
748 73
544 51
765 78
889 42
965 83
606 81
907 46
280 10
618 90
404 55
897 81
227 28
245 87
300 31
765 73
552 36
278 68
890 26
290 37
830 51
882 91
978 87
938 98
132 74
632 79
740 59
694 39
410 45
465 34
285 99
174 36
377 88
200 67
484 18
818 54
913 26
785 65
717 96
640 37
762 74
728 27
127 66
783 30
798 34
370 71
407 81
311 75
469 18
189 34
507 28
741 29
841 89
429 25
911 38
850 79
132 62
855 39
260 51
534 95
923 23
949 99
376 21
327 57
471 20
618 49
282 63
290 43
170 45
468 53
366 13
642 93
587 73
364 85
236 49
391 26
538 15
298 85
259 20
296 76
474 47
622 56
380 100
399 23
845 63
196 31
596 83
279 93
256 46
389 25
892 32
998 44
856 31
236 42
874 92
929 31
410 85
159 34
381 18
335 17
302 21
641 33
449 99
582 59
909 82
785 97
522 80
708 17
558 57
709 74
216 95
562 28
556 42
594 45
406 73
245 50
918 83
861 27
618 36
672 90
812 61
948 40
713 53
332 100
826 23
468 91
582 100
252 42
124 15
175 48
324 33
271 74
503 35
468 37
689 84
890 41
636 75
128 26
904 59
864 20
112 70
111 37
126 53
369 80
384 22
525 66
406 26
668 99
806 94
421 53
723 57
186 34
247 25
464 53
845 49
226 20
819 63
169 36
717 72
670 74
903 20
730 37
191 100
181 89
391 39
733 93
153 79
181 33
854 55
177 90
154 64
250 62
236 58
708 62
251 78
694 74
227 60
829 82
402 75
437 19
661 33
758 97
251 25
250 49
661 20
840 89
579 62
844 52
815 17
361 73
640 46
660 96
203 47
562 89
147 17
715 99
426 67
483 27
657 22
909 92
557 33
587 27
762 65
326 19
964 96
921 39
330 39
157 41
907 80
873 12
273 55
736 99
102 20
984 91
782 16
568 69
950 66
616 11
102 10
746 71
369 98
339 53
859 100
442 42
514 61
549 40
373 48
149 47
736 43
893 70
482 91
450 46
997 55
908 69
341 58
180 36
116 50
220 47
573 23
788 24
311 42
263 67
416 90
711 83
357 56
691 72
372 31
186 47
244 82
449 13
450 63
221 37
226 75
333 69
799 75
794 65
408 58
185 90
512 40
565 41
132 14
885 82
294 24
537 94
825 95
323 81
521 29
844 86
887 85
200 49
527 53
957 27
753 25
401 29
185 74
365 85
111 90
436 23
874 29
896 93
682 77
768 45
333 94
215 45
836 74
703 100
809 13
562 53
516 32
677 45
708 42
979 35
979 86
955 62
463 77
353 100
440 76
776 36
188 90
559 18
389 16
327 15
462 22
553 49
835 72
332 53
453 88
329 52
477 14
605 73
894 46
318 41
233 58
989 46
982 57
349 60
970 83
636 62
935 41
151 72
389 32
902 47
213 36
206 51
319 45
199 41
909 78
365 60
341 92
196 92
342 14
415 46
761 99
772 81
401 33
280 96
372 14
238 81
127 28
938 99
581 81
452 78
758 54
414 60
614 18
215 84
530 35
899 60
113 88
305 75
771 95
246 52
411 42
938 55
194 77
458 99
637 38
775 11
501 19
392 64
591 32
206 12
804 31
290 51
457 39
790 48
854 22
470 75
265 37
699 48
120 18
778 79
603 75
283 91
954 97
496 50
379 81
100 68
220 36
103 23
782 68
140 96
291 29
131 100
913 50
813 31
697 78
652 19
489 48
324 38
856 50
603 21
229 10
734 44
281 22
883 81
451 28
920 88
333 16
407 36
869 57
499 97
647 47
266 43
142 82
393 79
335 54
443 80
306 42
506 39
694 82
869 85
380 79
765 27
864 44
868 55
704 33
287 93
905 52
551 97
994 30
860 89
330 47
838 96
322 17
249 99
586 12
630 88
649 52
647 37
202 71
327 75
320 16
465 24
271 70
445 38
411 96
435 30
139 20
896 50
574 44
900 47
677 85
608 100
438 50
758 32
974 43
107 73
691 10
611 63
625 40
765 52
341 93
596 43
417 29
608 92
897 19
132 71
131 31
413 96
147 35
219 46
789 84
800 66
193 92
154 91
192 10
394 34
171 87
795 27
369 54
673 43
654 83
806 79
428 38
986 32
357 56
940 70
434 91
666 85
475 59
880 100
470 18
601 11
773 20
892 46
290 69
175 66
924 82
503 71
850 50
851 99
993 40
309 12
675 51
520 82
822 30
791 65
661 67
202 21
860 34
305 27
572 70
365 17
145 29
562 41
342 59
760 83
988 26
458 14
274 97
592 34
316 71
323 89
110 27
229 10
528 18
677 44
399 96
373 62
946 90
983 68
857 17
884 21
652 55
880 45
437 97
705 23
760 60
360 34
962 50
529 65
665 99
387 42
545 23
751 53
176 82
930 52
686 28
743 30
732 45
457 68
769 63
859 37
486 67
112 17
184 89
703 42
351 42
726 76
168 60
100 36
158 60
885 43
751 40
758 31
622 12
328 10
232 79
729 35
499 84
928 63
793 52
186 90
967 35
216 51
305 79
313 57
188 57
667 17
359 90
562 55
538 23
208 30
666 66
767 16
908 12
875 83
803 51
683 56
546 42
472 91
559 24
172 41
354 77
289 63
337 60
313 80
747 79
139 92
211 92
490 61
361 19
439 89
909 33
776 31
953 33
538 83
809 56
550 60
685 66
433 19
553 99
723 50
923 31
316 74
481 92
810 47
769 18
102 87
945 19
917 18
935 95
388 81
544 19
793 81
249 43
433 57
923 86
791 65
372 19
476 78
930 82
140 72
447 21
385 22
406 63
611 71
267 24
207 86
674 14
959 27
164 82
628 71
137 56
927 39
330 59
996 88
342 73
952 32
931 11
663 29
814 28
181 75
805 22
134 58
233 27
888 27
140 62
733 18
712 64
709 28
502 61
571 89
775 43
478 92
958 21
604 19
965 43
644 81
556 51
506 30
374 95
626 17
845 71
460 81
191 32
393 77
481 10
197 49
153 93
791 11
120 16
586 61
305 82
617 42
344 28
689 83
586 54
236 16
361 13
331 88
714 76
749 78
694 32
319 24
456 16
617 50
399 57
437 92
964 47
878 35
820 31
708 50
785 82
872 70
471 20
758 80
765 33
396 37
998 89
213 90
793 29
801 60
582 86
785 60
880 51
871 94
406 24
611 56
285 35
394 61
369 16
650 16
887 55
225 20
107 65
773 19
544 69
446 86
872 98
126 78
177 63
831 15
538 89
419 87
816 17
150 21
679 80
752 92
963 47
672 34
268 11
346 64
335 90
671 68
679 34
859 27
653 79
712 69
483 11
104 12
730 30
191 73
344 48
260 96
101 63
810 71
263 61
893 16
813 59
104 52
694 57
258 56
537 47
212 28
612 63
889 68
572 85
438 66
558 45
678 21
557 21
938 89
124 10
964 98
514 90
315 29
602 22
285 72
281 28
571 88
217 80
976 49
495 90
738 34
221 22
637 58
399 58
628 32
439 92
833 20
473 28
249 34
113 78
114 56
685 95
238 92
197 22
873 32
369 77
345 49
983 22
698 60
244 70
295 99
778 38
324 14
959 88
653 65
593 16
541 29
594 71
627 92
693 100
171 100
882 72
910 77
618 83
200 20
571 98
457 95
658 55
578 79
115 80
829 70
121 95
147 93
949 38
904 100
883 16
333 78
248 11
883 40
207 65
784 66
693 42
879 11
820 84
786 59
424 33
286 41
439 64
282 71
190 92
881 84
567 75
930 30
609 54
314 78
539 22
107 65
142 74
383 43
112 14
702 30
885 92
260 18
630 52
725 61
382 97
810 77
923 90
516 60
872 30
509 17
438 70
823 17
759 97
188 72
975 91
705 80
227 73
772 63
408 46
901 95
265 96
829 93
185 12
467 48
571 64
403 59
766 74
771 38
435 39
574 90
710 26
579 17
784 18
753 59
267 23
196 59
511 17
405 93
108 67
526 75
969 36
581 12
262 13
678 64
846 75
935 82
143 51
251 85
941 97
125 28
236 21
983 11
997 60
135 78
694 91
760 57
859 16
885 11
152 72
329 39
186 10
373 15
964 76
192 54
817 39
332 91
852 36
342 41
177 54
848 42
401 77
729 66
470 42
785 37
158 60
117 45
667 14
659 60
237 19
331 62
445 95
909 33
525 27
568 29
832 76
352 38
294 74
277 18
519 91
339 85
527 92
492 48
250 62
502 73
688 78
896 12
586 63
268 34
563 23
688 36
681 64
101 18
559 26
510 88
516 73
320 77
710 42
555 25
796 59
133 56
958 38
377 66
587 38
335 31
334 54
292 93
565 94
193 72
358 28
494 85
783 90
570 50
690 39
437 82
544 58
487 16
157 59
814 15
871 26
170 80
862 42
318 90
749 17
851 37
742 58
107 45
684 37
252 30
552 63
131 82
288 90
159 35
297 16
101 70
151 57
122 16
334 10
663 77
692 32
795 59
177 48
997 96
587 10
690 64
727 100
732 79
829 21
319 68
432 26
216 79
204 67
944 13
297 63
584 36
534 46
997 15
651 49
106 48
370 30
901 93
881 69
780 49
568 54
246 70
527 45
755 23
387 94
402 96
559 45
784 18
131 93
944 34
631 59
298 45
512 23
672 38
951 90
278 57
475 91
315 99
791 44
343 47
894 11
612 65
488 23
106 19
837 10
532 24
483 11
213 37
724 44
820 43
184 68
328 88
255 56
675 13
902 96
500 90
986 40
350 90
614 76
253 72
542 35
902 77
499 23
843 76
756 78
633 96
601 11
853 91
311 100
551 91
152 43
617 67
282 81
172 57
527 60
943 78
601 99
402 58
315 85
969 74
401 27
235 38
419 73
471 18
977 78
295 72
707 74
640 48
480 87
456 56
143 55
639 83
824 91
488 19
129 32
247 35
555 72
885 57
741 54
339 32
106 71
879 14
746 60
762 12
615 46
277 69
852 55
525 69
372 12
449 16
810 34
441 84
313 59
613 31
488 79
765 71
444 17
222 86
864 73
826 32
267 77
701 52
514 99
234 18
402 11
258 88
698 56
385 45
241 44
693 18
945 65
523 86
977 16
160 13
274 62
867 35
242 82
397 87
301 96
138 22
343 96
854 62
962 57
218 23
721 84
247 77
714 31
128 60
377 95
252 55
717 48
107 23
784 83
782 61
730 93
778 55
692 67
132 55
945 72
510 24
167 91
885 62
876 27
277 41
135 56
148 12
673 48
801 87
679 66
956 62
208 24
341 93
190 22
153 56
589 66
851 90
713 92
408 23
831 58
683 66
406 26
484 54
100 64
842 82
753 78
132 86
397 100
915 57
565 17
910 60
900 19
778 59
164 16
472 53
934 29
797 56
583 95
158 100
426 39
199 63
317 42
516 31
979 75
897 51
935 32
622 21
577 47
740 43
508 55
180 35
802 90
613 88
627 75
954 14
663 98
928 84
119 79
121 37
852 53
344 72
412 24
976 13
480 33
975 67
728 97
204 14
407 61
182 80
678 87
422 21
548 52
902 71
384 23
993 41
492 47
833 32
742 62
638 39
685 26
306 48
775 53
491 34
296 17
354 58
856 65
313 85
586 36
312 19
504 87
605 55
481 47
970 63
663 39
152 26
632 51
357 16
830 89
955 11
158 96
586 73
501 48
524 36
157 41
708 45
551 80
454 35
735 42
431 91
958 45
715 62
724 80
751 83
472 52
663 78
458 34
922 35
621 76
224 77
683 75
150 36
911 80
832 21
116 36
206 71
507 35
370 72
111 95
520 74
442 15
802 12
423 84
936 13
799 84
884 44
542 39
194 86
185 58
831 58
548 71
238 96
781 98
908 60
869 27
120 100
826 17
529 98
658 75
441 81
559 84
425 11
732 34
639 82
117 29
575 75
409 33
909 70
338 71
654 95
123 52
547 46
499 46
755 55
441 23
685 23
146 69
788 31
446 69
630 30
728 10
645 37
283 96
206 22
460 76
262 87
503 87
604 65
357 87
443 25
976 95
349 59
209 82
110 42
165 13
890 57
348 82
183 71
268 34
220 30
843 34
557 77
817 93
380 41
733 22
741 59
295 63
989 68
340 100
233 96
666 65
921 31
490 50
324 80
390 33
719 96
397 76
724 28
652 16
981 96
385 82
927 67
106 91
148 89
461 21
106 27
914 56
812 68
862 73
328 66
226 22
340 56
231 74
241 16
750 58
293 58
425 50
165 99
771 71
273 58
500 61
497 35
468 92
604 29
966 56
904 88
208 36
177 28
212 10
945 73
868 40
205 20
645 57
687 79
956 92
418 25
589 69
752 21
728 53
662 33
557 13
995 44
922 23
344 38
635 60
160 11
460 56
738 29
186 52
671 98
102 62
578 51
838 15
453 91
904 99
132 30
672 66
355 83
321 35
741 10
492 68
707 84
922 45
415 80
597 40
514 71
511 24
201 49
278 34
723 71
334 90
519 39
825 14
387 61
915 37
951 97
371 90
348 54
345 88
271 57
944 46
824 24
407 86
154 96
667 31
221 49
196 78
441 36
440 49
937 82
340 63
479 92
207 56
714 41
137 19
540 100
897 43
655 47
909 74
607 63
765 14
978 87
218 95
605 52
799 70
313 71
480 91
879 91
156 40
885 38
207 80
243 69
637 39
494 77
535 84
185 11
357 81
952 80
474 91
114 71
672 51
496 96
842 55
284 29
986 24
333 52
390 28
506 26
874 26
825 10
335 23
360 68
859 79
517 28
317 94
178 17
723 40
278 24
912 39
855 11
994 81
337 38
881 81
555 57
405 18
412 54
911 48
160 75
497 94
425 26
708 17
693 80
809 21
221 84
448 91
676 75
694 100
871 91
896 58
161 11
880 87
458 47
646 90
453 39
697 62
810 73
279 29
714 90
103 71
915 57
501 11
889 13
935 83
709 78
842 89
803 88
678 27
691 13
554 22
871 45
565 86
897 77
640 56
117 11
694 32
100 93
576 97
106 71
348 55
160 38
258 43
614 56
706 73
384 15
679 79
813 59
257 53
202 47
430 40
579 41
499 99
703 30
366 61
198 83
624 40
182 91
658 96
757 47
744 34
838 88
399 22
693 42
943 88
363 78
728 89
807 70
674 41
568 21
996 99
446 22
277 63
695 74
807 50
811 13
607 77
787 19
160 53
982 18
554 26
772 48
110 61
631 43
581 30
556 43
947 32
803 35
988 48
726 70
903 53
252 82
478 62
725 78
788 37
181 12
266 44
438 73
304 47
685 51
478 59
593 38
145 32
665 17
298 59
536 99
377 57
539 36
458 97
371 82
584 66
774 90
748 99
466 62
322 83
474 92
451 25
658 26
514 19
514 93
518 61
814 95
986 48
255 88
934 28
737 54
897 37
165 19
652 51
437 31
925 74
544 41
683 88
747 81
179 82
423 41
738 40
542 49
505 78
832 45
712 77
143 41
814 96
759 64
253 19
917 86
312 69
133 77
367 88
202 85
377 65
902 85
145 55
660 36
730 44
480 17
348 80
156 51
862 38
789 55
565 60
710 45
629 20
231 61
318 14
234 33
280 33
898 15
919 38
480 49
889 49
489 12
769 91
919 64
442 30
687 17
254 42
592 82
758 47
479 33
879 51
940 15
838 66
234 100
998 70
597 88
289 29
442 77
218 98
648 48
902 73
506 18
428 86
716 89
263 28
681 64
929 53
107 55
392 69
441 66
698 25
633 23
422 14
389 12
291 53
117 54
647 57
435 46
905 65
932 80
459 49
154 55
627 88
876 64
994 51
907 33
940 82
502 47
367 49
207 10
536 65
384 97
202 85
576 80
937 78
694 56
751 83
908 67
374 22
494 35
430 43
482 95
908 44
920 75
160 36
994 42
804 73
484 26
641 24
164 66
663 87
734 67
671 100
873 76
319 36
274 13
761 69
937 42
204 34
297 64
657 98
585 41
572 53
165 86
423 62
814 75
715 59
477 96
559 81
599 93
320 24
925 56
893 17
173 81
829 15
557 84
754 49
249 60
405 27
258 58
217 100
792 68
638 38
186 51
189 17
907 88
231 43
338 73
220 53
517 28
144 15
598 26
276 28
575 38
476 46
182 10
357 64
842 25
197 80
233 88
663 95
762 13
179 79
402 82
526 91
826 89
680 92
970 60
264 27
426 91
664 49
975 54
129 87
439 46
288 61
230 48
173 21
675 76
351 88
343 85
743 11
867 15
307 10
491 21
160 28
546 93
628 55
971 60
762 58
556 40
522 42
901 24
746 29
484 41
641 59
875 60
677 26
224 34
107 50
271 89
853 73
311 27
602 81
987 43
806 52
246 72
149 90
110 14
160 31
638 66
729 68
734 48
150 76
635 86
558 34
820 11
939 41
558 68
494 73
292 17
182 48
458 69
525 57
650 49
527 11
396 81
350 74
328 44
901 74
202 11
236 58
975 49
863 50
448 11
259 37
759 46
319 11
229 29
441 96
927 54
281 16
195 92
524 54
843 23
200 99
302 97
486 19
733 52
875 68
809 76
207 80
345 30
886 64
680 48
524 47
559 15
967 60
301 71
306 73
890 34
560 18
887 79
976 92
955 86
205 32
956 10
386 32
687 22
982 97
535 81
860 87
251 66
367 82
964 26
863 38
966 16
923 33
495 63
342 19
191 70
298 90
523 16
634 53
985 20
180 64
262 29
453 82
481 77
108 98
258 86
986 41
243 33
384 14
978 30
513 56
792 38
102 81
515 91
802 65
110 11
747 17
234 65
972 56
156 83
763 83
603 98
701 48
267 56
122 15
826 39
383 79
473 24
335 70
589 38
677 53
612 51
795 30
796 85
951 80
869 17
782 40
683 91
231 60
701 15
204 39
620 36
570 71
151 84
163 64
701 98
655 70
437 35
243 98
775 74
797 21
229 85
827 65
804 97
942 75
929 37
635 69
355 68
389 75
108 26
581 79
374 82
666 52
274 75
332 84
493 91
296 11
285 11
406 33
435 100
835 55
355 33
133 68
393 69
361 89
427 42
585 40
813 64
236 37
482 59
372 10
653 82
855 62
625 69
803 47
979 25
517 99
266 45
914 25
467 95
320 62
469 40
432 75
683 51
306 97
856 77
858 21
196 26
844 99
770 89
113 56
624 82
638 54
958 99
578 45
925 34
153 97
255 70
341 10
641 75
740 80
626 56
859 60
210 76
698 21
740 53
370 18
644 42
382 54
409 81
931 14
490 11
789 93
779 43
707 43
908 42
184 12
460 56
782 28
706 72
764 86
637 39
474 99
482 76
564 66
853 29
835 25
698 17
793 43
324 50
819 59
265 12
165 76
384 41
991 72
765 33
416 32
673 83
425 48
750 95
566 95
268 59
886 33
107 100
834 25
559 63
917 26
593 81
808 65
769 79
802 46
246 70
278 51
853 37
701 39
727 40
157 61
418 10
713 89
289 49
833 57
604 51
432 39
923 50
930 99
412 23
896 42
174 37
730 91
852 20
362 31
893 69
820 47
809 31
162 93
269 46
854 85
755 97
122 23
771 62
648 89
536 93
924 23
239 49
329 86
677 71
845 63
973 61
463 78
365 37
855 70
505 30
409 71
108 61
287 39
977 87
683 18
224 10
757 29
427 46
395 24
690 94
151 66
163 33
344 69
885 21
997 27
618 35
264 24
978 58
638 16
777 64
973 97
281 65
950 30
436 57
860 58
199 34
536 19
727 42
435 25
936 70
759 40
595 25
243 78
782 42
948 71
393 12
359 60
150 26
526 63
764 17
611 29
617 93
574 60
506 81
207 84
249 96
236 81
651 15
293 69
246 76
324 28
892 88
309 82
962 56
967 25
620 23
788 29
916 13
998 33
322 48
1000 66
152 59
639 36
966 35
916 48
941 80
440 49
908 93
258 65
869 22
969 79
609 100
501 59
304 14
229 65
780 95
777 69
943 80
798 85
932 90
195 35
520 96
758 76
788 71
493 68
198 42
295 93
150 61
111 38
588 84
688 83
235 95
594 19
550 12
867 66
981 57
639 23
101 83
193 28
197 83
387 32
691 51
642 41
973 65
109 73
948 32
643 74
424 33
598 71
289 71
302 81
700 38
530 100
494 38
313 89
731 58
562 53
619 84
833 11
444 27
712 19
132 29
323 57
413 36
527 85
980 54
629 70
826 31
353 33
624 97
600 69
579 97
714 28
235 25
216 18
127 58
934 12
301 99
758 40
208 89
381 48
960 86
415 22
627 63
759 15
211 99
308 81
124 95
567 84
239 32
716 80
217 84
927 59
432 17
238 83
735 93
719 15
947 44
948 89
387 46
954 57
112 93
270 77
728 71
943 70
498 47
874 33
149 15
728 83
499 59
964 55
854 58
807 66
220 45
317 55
751 65
470 23
622 72
904 84
550 22
726 66
972 95
459 69
936 90
656 57
455 85
885 61
446 81
347 53
724 86
347 83
412 73
102 23
930 32
114 48
587 93
667 42
885 16
667 79
723 61
379 88
771 11
672 87
333 47
988 22
665 60
948 32
274 68
691 80
332 20
172 78
862 19
501 67
367 91
292 47
355 49
337 17
428 39
621 65
930 23
602 27
107 56
126 78
642 36
648 19
788 68
105 56
636 81
861 95
561 89
801 21
944 59
984 66
633 26
524 65
685 72
743 28
144 82
446 49
872 27
877 37
274 81
521 35
216 63
507 16
571 39
422 92
642 57
305 75
961 66
383 76
434 69
133 68
111 25
894 56
118 69
355 18
119 81
548 37
827 72
854 14
364 100
270 73
213 82
138 49
177 79
321 88
339 21
974 43
706 38
606 69
523 95
522 15
282 56
101 84
844 34
976 76
913 49
955 77
459 38
101 17
730 91
407 43
512 77
722 12
784 97
206 84
732 90
964 45
694 48
935 81
912 25
706 89
305 91
939 16
456 32
616 32
972 23
177 35
674 33
178 17
198 75
630 48
519 61
244 82
574 49
361 15
281 26
708 12
163 27
639 25
543 77
666 19
130 28
879 68
254 58
292 73
345 48
304 56
717 85
286 56
465 91
304 86
759 68
851 67
186 86
415 29
546 45
965 71
427 50
831 36
373 20
751 67
592 67
151 29
140 55
850 100
520 76
854 74
972 35
812 11
891 99
649 37
873 16
916 28
326 98
964 53
534 97
754 87
409 14
896 76
821 51
311 92
415 80
584 89
236 12
687 58
427 60
575 70
462 46
569 74
599 100
803 62
334 70
201 26
481 77
313 16
680 74
612 33
269 23
438 31
612 83
696 88
347 27
347 55
752 84
944 75
299 59
843 20
103 14
521 32
767 66
572 98
126 10
714 66
776 99
248 10
481 48
523 11
711 23
510 16
513 47
845 77
901 32
495 61
135 71
947 97
165 91
730 82
335 78
606 67
687 27
585 91
535 33
465 47
678 13
649 89
514 65
643 87
811 66
695 55
748 75
322 89
574 78
134 63
970 70
338 48
535 21
943 44
603 45
627 99
474 59
289 83
582 33
231 56
439 29
948 14
680 82
180 95
383 67
772 89
800 87
309 98
605 63
874 89
998 36
498 72
140 41
850 67
173 28
644 81
890 56
730 60
152 61
990 35
328 51
509 23
432 53
809 31
990 36
584 18
587 70
600 61
717 48
434 37
278 53
306 20
547 55
906 76
492 27
187 27
571 87
257 70
635 88
997 60
599 69
614 75
916 75
341 45
761 38
315 47
822 48
355 13
246 57
556 68
493 54
387 87
544 94
950 38
698 89
539 73
227 64
592 32
300 97
999 93
670 35
466 66
344 63
421 32
217 90
706 66
659 88
648 71
140 85
899 49
979 70
485 29
671 100
396 35
794 56
381 97
933 54
768 65
912 84
879 41
134 25
467 18
139 65
644 94
839 29
699 29
284 15
255 27
986 30
629 62
552 66
448 21
555 44
309 74
118 78
892 39
367 36
378 58
577 64
525 56
832 59
405 10
506 92
200 85
427 63
690 87
625 97
494 79
113 11
415 19
938 21
983 88
531 98
401 68
857 37
413 40
498 81
623 98
414 17
889 55
747 60
601 78
789 10
933 89
391 68
929 85
122 60
649 88
838 67
139 63
207 23
468 96
848 17
114 88
992 11
973 67
376 90
735 28
800 18
313 81
780 66
728 68
825 61
896 60
970 78
529 10
492 57
364 28
632 76
562 72
396 95
198 22
264 22
316 73
656 86
289 18
124 65
241 50
864 78
602 96
759 69
853 89
678 51
947 90
640 21
551 48
582 89
310 90
141 40
296 24
642 92
600 26
164 71
109 53
469 27
376 24
109 57
268 12
764 85
633 60
731 17
871 46
877 21
893 51
398 32
799 77
317 51
287 59
697 61
620 13
829 81
879 37
344 14
329 39
521 77
430 23
808 97
607 10
578 27
685 84
178 17
655 80
826 18
388 87
235 54
529 28
468 42
245 50
635 32
701 46
219 72
435 24
332 43
816 18
841 96
758 46
679 57
206 53
851 59
562 48
287 79
509 80
168 33
171 67
925 48
268 86
775 98
917 37
808 89
961 18
379 10
647 49
960 76
282 92
369 97
476 93
497 41
121 12
939 100
304 34
837 88
575 28
467 77
719 73
547 67
311 64
884 40
849 55
233 72
500 15
142 71
524 32
165 54
283 85
731 38
150 49
782 75
321 34
615 58
726 60
331 14
145 13
218 81
768 82
619 70
822 93
345 84
145 58
323 52
817 82
226 76
505 96
274 47
756 30
985 28
153 27
178 20
342 44
344 96
146 23
555 38
110 47
880 63
861 100
819 80
641 93
347 80
611 76
230 61
360 26
866 12
200 53
825 79
622 76
636 57
101 34
279 59
686 24
427 83
900 80
404 31
622 59
221 51
581 53
612 21
936 27
711 33
991 62
605 74
621 73
909 78
619 37
559 17
857 93
478 92
815 52
706 81
526 94
307 22
189 94
911 65
858 75
376 98
527 57
395 91
233 41
652 21
719 59
857 21
217 73
370 76
599 31
867 26
951 67
432 21
399 74
114 75
745 99
216 41
882 84
951 49
655 82
233 93
827 54
568 17
696 33
686 51
134 75
999 57
830 46
766 46
999 20
736 26
980 67
395 100
948 49
385 37
150 18
842 11
356 39
615 50
854 16
445 92
880 44
225 78
898 18
587 85
895 83
530 38
689 90
468 15
266 99
763 81
224 100
417 89
359 22
728 92
563 28
259 66
723 24
216 53
197 68
502 30
568 11
292 12
166 40
664 42
461 45
494 91
640 15
162 79
226 40
392 20
103 46
867 86
736 32
414 55
634 28
834 89
159 10
359 54
261 98
143 81
766 77
412 33
930 55
321 46
681 42
906 46
242 82
618 19
892 64
118 39
999 86
512 53
228 44
869 12
860 13
230 72
811 30
489 76
878 32
779 89
810 49
357 76
614 73
131 69
435 32
997 27
684 87
786 18
529 62
621 25
256 88
668 43
431 53
350 35
996 80
797 52
196 30
346 67
538 61
467 18
777 18
629 91
418 51
186 42
234 55
473 96
364 58
506 95
579 68
440 16
307 97
655 88
818 94
392 77
922 59
177 35
633 29
685 32
344 44
703 37
838 92
394 70
335 31
441 41
483 48
103 54
581 90
944 67
880 41
656 86
421 42
754 71
641 80
672 41
972 38
650 96
927 45
452 72
796 37
781 47
131 68
312 51
354 74
650 33
693 37
125 77
352 28
663 78
843 46
843 87
600 50
400 24
399 37
190 61
589 74
576 33
816 60
586 97
332 30
254 54
787 10
515 67
641 45
423 47
475 16
883 72
481 25
184 92
581 66
416 18
514 88
133 54
311 55
724 86
632 67
438 52
825 44
813 94
119 56
578 38
601 29
260 41
650 61
335 54
399 96
676 54
419 87
508 95
962 64
491 58
364 40
585 97
604 92
672 80
948 11
911 62
875 50
463 42
366 16
432 13
130 52
830 16
524 97
156 94
688 12
755 95
316 82
303 95
978 89
986 13
401 68
980 26
603 46
491 99
298 16
605 14
485 10
530 100
695 10
952 49
880 96
804 64
206 15
526 72
816 48
415 44
723 31
576 47
745 34
138 99
303 71
638 44
626 87
315 40
540 53
503 14
200 29
528 16
208 58
955 53
692 28
820 62
968 79
822 49
747 72
937 61
104 95
590 13
118 34
197 94
629 66
508 46
884 37
898 63
987 71
167 64
235 72
556 66
687 41
709 61
576 27
579 38
844 70
380 43
903 48
782 33
623 28
304 36
308 46
940 88
925 19
184 69
826 81
106 84
292 28
826 75
790 60
710 10
117 66
519 29
912 98
749 43
274 90
316 99
302 94
658 33
838 30
412 33
873 83
559 33
955 39
730 27
197 40
784 46
361 23
110 68
682 43
138 15
377 91
437 33
434 43
601 14
379 59
945 75
784 64
761 90
719 51
382 22
678 89
445 46
754 41
557 91
264 44
932 85
943 65
139 38
669 35
219 87
975 71
779 26
530 67
497 73
992 89
347 58
952 90
340 42
429 10
662 72
754 51
306 21
486 44
767 78
885 56
756 22
892 44
144 33
937 74
346 18
310 25
159 30
275 81
274 69
570 93
423 44
779 74
469 99
231 50
354 45
591 79
966 41
388 15
851 79
803 39
814 86
878 50
729 19
542 82
531 26
225 61
325 30
246 10
150 79
374 59
292 20
481 55
765 18
914 58
151 90
312 38
177 28
784 40
805 27
952 43
624 30
746 58
838 66
710 58
247 77
788 60
200 66
678 41
677 22
787 70
587 98
842 75
832 16
292 83
983 35
860 38
839 73
947 70
464 45
697 17
667 33
112 86
990 82
998 66
878 54
441 27
627 41
246 61
981 69
815 23
952 32
417 58
240 46
894 74
663 60
623 18
923 93
508 10
261 52
401 57
683 44
523 74
966 40
546 33
853 40
689 30
262 66
174 89
599 86
462 93
846 78
123 60
799 76
483 35
578 12
606 49
884 56
156 80
352 87
897 43
973 82
640 92
530 63
877 95
198 85
696 60
271 98
886 19
826 54
361 62
894 50
939 97
360 32
385 100
901 53
427 36
867 79
231 68
776 31
519 49
427 11
983 69
787 94
483 85
891 53
879 31
961 20
297 65
694 22
629 22
633 89
605 40
553 80
238 13
189 91
970 70
369 18
477 56
957 69
987 63
486 84
306 21
788 94
481 81
730 42
765 59
436 47
544 49
431 66
851 11
187 10
355 19
352 58
975 40
861 11
219 16
334 25
480 82
371 39
688 77
643 94
831 34
719 19
975 46
486 85
778 62
333 55
296 76
621 66
842 34
558 68
914 27
572 78
408 69
890 95
594 52
101 99
765 78
974 98
203 34
304 14
724 37
405 96
454 73
359 22
129 28
143 19
906 51
366 65
877 77
629 75
619 55
510 69
424 92
999 52
120 83
106 21
232 25
214 54
890 50
138 88
384 11
717 66
124 40
282 27
261 53
430 80
560 79
147 73
855 49
754 81
976 15
452 61
913 23
278 12
991 85
765 69
340 48
535 34
171 75
893 47
721 95
812 28
695 37
410 18
720 11
251 92
369 68
241 55
520 78
565 10
274 34
991 14
481 95
845 62
972 28
198 29
449 14
316 20
878 41
848 58
461 10
851 17
719 63
685 59
478 90
739 100
692 95
635 99
840 38
878 81
477 24
762 52
660 35
212 96
567 87
194 81
420 17
931 98
770 91
402 84
796 70
998 46
228 65
721 36
354 50
973 33
924 85
142 86
751 100
275 77
261 62
315 52
710 75
123 10
910 29
199 54
544 10
356 88
140 72
582 23
857 64
539 48
732 36
114 28
362 64
741 63
903 88
158 10
587 68
127 36
365 75
841 99
778 16
372 45
666 94
709 87
696 60
798 83
798 84
984 88
916 58
756 48
155 69
227 71
221 20
391 12
780 28
890 99
932 55
154 13
586 100
108 69
841 46
876 87
922 57
891 60
227 53
803 95
290 18
217 35
643 66
393 19
394 15
181 48
262 89
571 32
981 23
446 16
198 89
408 58
117 97
252 14
141 32
174 98
210 46
655 88
170 59
805 74
154 90
122 96
549 98
689 40
858 97
989 59
733 46
574 16
527 61
845 82
653 52
752 25
135 33
361 17
442 38
100 98
531 84
369 86
286 98
392 79
398 38
849 40
858 96
319 82
914 31
749 53
934 37
635 68
469 93
662 25
231 56
669 41
361 57
366 43
394 68
204 23
469 46
741 71
844 67
235 18
199 26
177 25
111 22
782 18
442 62
766 63
207 32
342 17
461 89
519 36
928 77
464 38
598 77
243 18
308 56
797 64
857 36
675 86
104 52
525 10
569 78
283 55
258 66
129 57
480 99
799 82
215 17
259 63
253 20
671 33
385 70
989 100
807 24
649 93
843 82
140 48
249 75
757 10
881 28
188 85
510 93
532 21
888 95
346 36
427 48
539 81
929 77
815 88
110 59
454 83
611 53
330 51
215 39
418 44
162 66
261 56
513 21
981 99
899 79
916 11
478 24
839 61
573 64
183 41
483 83
701 27
670 22
197 56
785 47
124 39
543 20
205 50
113 95
251 54
896 26
708 65
350 54
398 95
379 61
143 71
734 63
895 83
381 52
969 77
731 41
162 22
380 34
876 35
207 18
532 51
396 43
157 55
898 53
406 86
857 42
937 59
841 22
785 90
683 62
744 28
228 22
895 63
779 38
801 92
158 16
789 72
601 75
129 68
104 99
347 59
581 64
977 83
125 13
383 85
633 99
104 55
478 40
604 22
543 36
289 22
193 92
710 92
766 50
796 68
897 32
429 94
852 85
438 81
202 96
280 39
137 31
581 20
360 96
905 29
656 88
134 86
500 51
356 20
844 25
219 83
673 42
649 13
960 63
463 16
392 28
966 59
602 73
390 87
121 45
314 10
119 22
620 92
525 80
321 81
382 88
706 25
789 29
292 99
716 36
142 82
911 98
641 53
166 70
702 84
744 13
904 42
944 99
186 46
347 28
579 57
104 58
217 10
730 75
869 47
909 20
488 53
790 82
628 88
976 85
606 89
821 99
325 24
112 100
538 13
977 79
794 73
204 87
244 82
647 76
298 56
875 37
740 72
809 52
505 31
641 21
512 78
493 26
736 80
199 35
637 49
228 25
189 23
131 93
400 93
528 22
430 69
519 33
812 51
844 77
649 42
945 83
604 11
350 62
829 61
409 77
567 74
638 16
144 78
575 56
391 12
933 32
604 18
304 18
632 89
907 49
714 25
727 72
903 86
765 56
241 75
613 48
560 26
290 34
398 28
829 11
702 70
995 78
392 48
865 51
463 37
323 99
157 65
345 33
456 74
1000 95
765 92
162 54
805 72
373 87
326 50
853 44
245 39
507 79
736 51
281 18
791 78
199 33
585 38
690 94
748 19
282 33
993 10
301 40
476 50
885 57
217 65
767 53
931 21
535 39
148 94
226 41
125 14
929 50
146 60
856 32
381 91
904 11
585 37
895 12
209 37
819 63
673 49
593 92
921 81
650 97
229 96
979 90
724 77
611 87
502 40
717 15
684 43
255 45
823 74
619 63
860 84
814 77
965 92
565 27
308 17
838 57
213 85
142 57
786 93
649 77
574 28
403 42
224 86
417 88
236 15
694 36
465 25
938 68
418 29
752 70
297 41
638 95
610 76
222 17
336 76
785 81
162 79
280 96
979 72
899 75
843 48
714 18
826 73
398 18
657 36
785 64
779 38
166 30
632 20
951 49
379 14
905 30
211 22
359 44
967 100
956 93
301 17
258 24
610 76
278 26
648 42
763 51
968 35
564 94
782 97
572 37
509 81
985 42
346 21
671 25
190 65
769 26
948 21
742 42
209 100
146 36
789 93
823 92
402 53
858 35
384 72
685 28
948 84
814 13
221 70
523 67
337 79
544 100
113 53
700 38
625 63
806 30
947 52
214 55
213 81
561 78
710 45
530 98
528 62
569 18
529 96
925 77
594 50
455 72
486 37
327 12
363 36
817 94
670 70
578 21
716 45
314 56
858 12
761 31
629 64
242 62
418 100
124 52
389 31
244 24
196 85
731 72
380 39
688 16
323 34
648 17
305 14
956 11
962 12
749 24
131 72
145 17
293 13
292 52
735 100
184 67
447 79
897 10
380 61
543 18
976 16
911 89
534 90
305 72
225 55
634 16
355 14
215 79
388 97
284 90
624 37
539 69
687 53
919 51
140 42
663 51
704 25
500 76
354 10
403 87
956 49
868 40
798 12
163 73
839 85
248 59
127 10
315 35
637 79
884 98
714 56
900 47
480 41
249 55
123 34
989 93
963 17
482 15
459 83
401 72
835 11
155 84
369 19
164 100
154 64
139 99
437 40
561 66
432 79
344 97
930 50
342 71
752 76
458 49
224 22
634 90
985 52
923 13
934 91
178 77
750 83
440 100
293 21
449 42
247 42
688 99
709 39
799 68
195 29
288 34
568 91
825 47
394 28
369 63
516 64
878 19
100 67
976 10
101 46
478 38
373 63
254 100
832 22
223 27
259 85
840 78
688 73
820 90
172 14
220 14
398 63
413 32
430 82
339 27
894 53
660 46
727 13
271 84
901 51
767 52
531 56
641 36
586 85
674 98
531 65
632 98
665 47
295 43
582 73
646 73
512 73
932 35
948 65
284 98
715 50
145 68
601 13
237 72
160 41
949 13
378 56
586 55
515 20
335 62
817 49
722 15
866 54
623 86
476 29
213 91
567 43
276 91
141 26
349 37
793 17
602 53
372 81
496 45
779 45
231 61
778 16
520 12
626 61
258 32
941 79
810 92
938 59
431 17
329 73
248 96
999 96
448 32
463 36
947 34
548 82
556 12
152 81
448 97
207 71
270 26
756 45
271 78
134 56
659 64
802 66
254 53
984 76
923 20
597 28
876 90
178 35
568 51
513 52
673 15
283 15
363 91
709 74
383 36
520 44
480 73
274 20
257 77
638 95
670 48
384 33
461 17
735 10
371 14
468 87
890 89
265 22
469 40
385 71
987 83
910 78
974 17
657 90
290 31
938 42
271 14
938 44
980 97
587 26
249 81
183 56
865 49
709 11
635 82
837 37
333 37
244 27
595 46
638 18
367 59
530 78
308 53
889 78
629 90
592 94
879 31
781 11
484 52
164 62
668 20
762 38
750 29
723 48
816 99
605 25
860 14
757 84
708 40
994 28
825 21
367 21
673 39
146 48
326 23
657 46
809 40
965 95
451 50
352 39
508 13
139 33
815 74
244 22
721 44
716 94
705 72
916 34
536 93
436 73
184 29
290 53
365 77
253 19
905 78
229 83
280 97
300 76
462 67
284 29
255 79
480 92
364 64
733 78
519 69
386 74
604 32
926 11
717 84
848 49
306 13
544 66
681 84
171 53
546 37
900 31
811 27
892 58
293 41
203 12
559 21
848 78
437 92
347 17
688 80
735 14
228 37
123 47
454 73
911 93
248 88
515 63
641 17
416 30
101 44
886 89
514 22
445 90
385 15
965 66
541 84
445 67
304 84
810 94
815 32
464 19
185 89
659 48
767 68
501 91
587 97
387 37
253 98
139 20
864 74
922 99
711 89
166 51
123 22
107 27
562 72
214 65
753 68
670 23
347 13
460 56
564 30
469 99
636 21
918 51
922 48
652 47
535 89
112 50
971 24
181 23
417 94
546 32
639 31
914 43
502 54
298 46
481 90
786 53
402 94
410 74
769 29
628 95
512 90
269 100
500 49
351 54
469 83
380 12
921 53
694 63
629 71
433 57
539 34
195 97
226 70
402 33
373 17
157 62
977 37
486 71
950 97
318 25
454 62
673 39
421 39
177 27
765 34
107 49
454 95
266 54
369 67
661 56
388 40
343 59
935 89
288 52
182 80
126 41
278 48
352 26
521 22
480 70
529 90
797 41
331 26
992 26
724 38
299 70
438 10
377 78
269 53
596 87
173 17
630 98
927 79
919 89
689 10
326 64
911 49
953 25
451 95
229 61
909 63
701 31
198 65
469 65
600 86
271 54
338 100
599 38
195 95
648 17
669 65
195 22
847 95
268 19
803 13
961 52
321 15
398 66
906 56
929 80
552 29
952 37
265 72
398 80
644 52
571 59
392 31
949 53
138 63
138 49
610 57
343 64
824 25
960 66
118 65
300 33
869 50
352 31
249 72
406 96
193 58
109 37
763 14
822 86
610 53
868 31
651 67
228 72
478 18
619 54
742 71
886 36
549 17
127 53
174 65
201 43
266 89
900 96
309 47
943 100
253 77
763 35
307 32
337 22
641 99
378 30
896 76
924 30
401 96
132 37
328 40
438 37
480 96
929 92
262 82
753 96
171 86
406 72
447 34
883 62
929 60
697 51
505 37
863 66
297 23
229 18
551 47
177 60
383 56
232 39
123 34
381 66
856 37
455 98
789 32
661 14
550 89
441 44
462 13
995 15
254 59
449 38
821 56
450 21
765 30
634 65
154 43
454 25
367 49
731 38
933 14
545 53
703 50
995 59
264 44
301 92
652 36
657 43
499 56
863 46
890 10
720 15
565 87
458 59
926 81
841 97
302 25
403 84
413 56
192 56
729 96
221 80
634 55
432 79
507 94
450 59
331 96
396 86
100 68
159 16
448 15
885 70
415 49
274 61
898 76
175 80
151 59
636 58
614 29
313 95
436 81
747 99
665 67
784 88
980 21
684 90
705 62
103 88
385 48
299 91
786 98
367 10
770 89
122 29
310 52
326 62
827 36
974 69
929 85
130 14
164 29
711 28
778 31
940 60
956 16
217 99
771 47
193 63
832 34
838 24
160 98
684 26
457 96
760 96
909 40
654 79
909 55
815 42
108 37
851 83
538 64
848 65
543 47
262 69
324 58
481 67
757 74
267 75
656 88
709 74
709 41
138 57
608 87
737 48
549 13
728 77
442 67
259 36
203 10
911 75
991 92
550 19
596 49
228 73
973 53
261 52
554 79
872 37
960 82
567 31
846 34
394 65
204 89
920 63
117 23
427 19
807 22
965 79
809 60
981 65
170 45
822 12
254 55
433 36
421 25
527 80
397 18
644 14
704 39
944 93
982 71
376 28
617 38
148 41
931 30
280 17
500 66
837 75
259 72
971 62
923 57
294 96
197 31
503 69
359 61
254 44
206 88
968 57
825 58
180 45
752 22
799 58
223 12
908 15
837 11
358 59
550 22
701 18
289 66
512 71
721 61
705 28
581 80
955 90
303 94
586 81
865 43
637 70
1000 56
312 27
202 29
920 25
873 83
992 89
950 32
426 49
431 56
893 53
623 19
653 78
141 47
322 89
934 27
913 42
692 68
894 16
583 76
886 79
708 12
925 43
496 75
804 51
721 63
741 77
370 48
134 80
185 57
972 65
754 98
190 53
560 20
203 84
825 54
323 85
601 42
864 38
215 26
558 25
478 60
700 64
228 12
538 100
888 68
903 48
970 96
402 64
430 29
126 64
312 44
674 41
345 95
703 14
543 26
537 80
136 38
287 91
709 89
151 15
203 67
916 14
410 15
206 96
254 36
112 26
452 43
860 91
812 22
324 73
345 75
528 80
216 16
816 21
288 56
316 19
702 56
605 38
202 69
199 54
725 94
930 83
390 25
880 16
663 24
462 58
915 70
601 45
678 67
517 69
225 72
450 15
598 33
217 82
318 67
177 67
458 56
300 76
947 43
500 66
451 41
962 75
493 75
160 53
394 10
849 88
629 98
721 58
286 13
998 47
936 60
151 72
435 16
216 73
650 66
232 21
589 85
245 100
664 95
336 29
626 97
935 44
323 92
942 63
886 96
951 44
517 80
776 21
165 23
350 99
533 36
764 46
675 93
464 92
909 20
795 15
923 38
743 95
663 48
154 41
277 47
704 16
235 43
248 80
779 92
422 71
609 71
424 18
165 23
832 51
708 21
818 16
952 56
443 89
342 41
126 60
410 84
907 74
642 98
210 45
382 77
255 65
925 23
628 59
795 66
292 72
967 14
972 29
661 12
346 51
332 56
842 75
855 39
143 36
693 93
384 65
135 70
745 25
282 93
273 24
239 15
146 73
739 32
493 26
162 14
221 26
668 59
262 15
515 62
713 33
356 92
266 41
958 74
977 76
285 11
605 87
588 12
554 99
339 36
878 64
676 16
201 81
978 16
191 51
168 72
819 68
153 92
691 78
501 42
764 62
989 65
945 78
780 73
855 87
785 57
394 45
983 74
240 54
341 71
697 52
274 34
661 82
896 38
338 64
894 59
769 14
266 84
540 22
277 17
416 54
838 29
586 36
279 45
725 85
868 62
114 62
128 22
592 23
995 72
628 26
854 23
517 17
108 61
563 14
200 69
657 95
292 86
234 47
845 24
795 56
969 42
452 71
950 23
535 39
563 50
810 79
730 82
514 91
328 97
171 99
584 94
623 84
274 21
975 88
796 33
396 64
469 41
677 60
517 33
186 14
624 14
851 31
198 90
914 69
454 61
318 96
227 84
359 24
669 60
170 46
390 53
955 12
445 66
891 15
811 88
562 60
907 83
440 80
145 76
820 17
523 34
405 87
627 79
100 43
544 83
956 84
227 70
878 53
435 34
994 69
618 74
142 39
345 49
187 11
133 42
841 79
183 37
744 12
606 73
642 57
465 89
652 12
436 10
118 81
175 38
670 43
382 32
743 65
730 41
278 30
822 39
384 18
169 58
462 30
227 30
643 23
616 76
126 45
722 10
704 80
520 91
221 49
474 85
554 61
620 68
712 100
777 94
604 90
615 56
834 55
555 90
619 34
118 33
665 33
674 24
734 66
530 66
531 37
445 48
862 86
503 63
673 88
636 23
171 11
471 96
968 65
464 97
147 21
885 52
475 54
720 17
775 36
196 54
671 17
177 54
685 56
438 45
621 37
484 40
140 33
819 15
486 12
520 74
567 30
319 20
694 97
339 21
399 98
718 24
511 23
568 28
960 47
193 18
705 12
477 11
908 24
422 51
264 42
838 29
812 47
883 34
250 36
932 94
786 53
137 20
408 47
805 75
592 97
453 22
589 36
985 26
536 74
806 46
542 71
762 37
689 52
273 89
686 95
566 56
311 14
233 21
805 56
670 48
349 18
877 17
327 57
745 87
242 45
621 60
383 87
422 63
262 71
650 48
167 41
452 36
179 27
548 56
424 72
869 83
877 41
676 62
469 94
557 68
428 93
173 49
449 57
584 76
837 45
272 91
896 24
556 13
